Size	 Time	 Avg.	 Max.	 Min.	 
1000	1.010000e-07	8.987000e+00	10	1	

1050	1.066667e-07	9.060952e+00	11	1	

1100	1.063636e-07	9.149091e+00	11	1	

1150	1.078261e-07	9.229565e+00	11	1	

1200	1.100000e-07	9.303333e+00	11	1	

1250	1.080000e-07	9.371200e+00	11	1	

1300	1.069231e-07	9.433846e+00	11	1	

1350	1.081481e-07	9.491852e+00	11	1	

1400	1.035714e-07	9.545714e+00	11	1	

1450	1.055172e-07	9.595862e+00	11	1	

1500	1.060000e-07	9.642667e+00	11	1	

1550	1.051613e-07	9.686452e+00	11	1	

1600	1.050000e-07	9.727500e+00	11	1	

1650	1.060606e-07	9.766061e+00	11	1	

1700	1.176471e-07	9.802353e+00	11	1	

1750	1.068571e-07	9.836571e+00	11	1	

1800	1.072222e-07	9.868889e+00	11	1	

1850	1.059459e-07	9.899459e+00	11	1	

1900	1.110526e-07	9.928421e+00	11	1	

1950	1.241026e-07	9.955897e+00	11	1	

2000	1.065000e-07	9.982000e+00	11	1	

2050	1.063415e-07	1.000829e+01	12	1	

2100	1.061905e-07	1.005571e+01	12	1	

2150	1.148837e-07	1.010093e+01	12	1	

2200	1.081818e-07	1.014409e+01	12	1	

2250	1.044444e-07	1.018533e+01	12	1	

2300	1.069565e-07	1.022478e+01	12	1	

2350	1.068085e-07	1.026255e+01	12	1	

2400	1.062500e-07	1.029875e+01	12	1	

2450	1.122449e-07	1.033347e+01	12	1	

2500	1.016000e-07	1.036680e+01	12	1	

2550	9.882353e-08	1.039882e+01	12	1	

2600	9.576923e-08	1.042962e+01	12	1	

2650	9.018868e-08	1.045925e+01	12	1	

2700	9.074074e-08	1.048778e+01	12	1	

2750	8.472727e-08	1.051527e+01	12	1	

2800	8.642857e-08	1.054179e+01	12	1	

2850	8.245614e-08	1.056737e+01	12	1	

2900	8.275862e-08	1.059207e+01	12	1	

2950	8.338983e-08	1.061593e+01	12	1	

3000	8.300000e-08	1.063900e+01	12	1	

3050	8.360656e-08	1.066131e+01	12	1	

3100	8.322581e-08	1.068290e+01	12	1	

3150	8.412698e-08	1.070381e+01	12	1	

3200	8.406250e-08	1.072406e+01	12	1	

3250	8.369231e-08	1.074369e+01	12	1	

3300	8.484848e-08	1.076273e+01	12	1	

3350	8.358209e-08	1.078119e+01	12	1	

3400	8.441176e-08	1.079912e+01	12	1	

3450	8.463768e-08	1.081652e+01	12	1	

3500	8.428571e-08	1.083343e+01	12	1	

3550	1.301408e-07	1.084986e+01	12	1	

3600	8.500000e-08	1.086583e+01	12	1	

3650	8.465753e-08	1.088137e+01	12	1	

3700	8.432432e-08	1.089649e+01	12	1	

3750	8.480000e-08	1.091120e+01	12	1	

3800	8.526316e-08	1.092553e+01	12	1	

3850	8.571429e-08	1.093948e+01	12	1	

3900	8.538462e-08	1.095308e+01	12	1	

3950	1.081013e-07	1.096633e+01	12	1	

4000	9.450000e-08	1.097925e+01	12	1	

4050	8.567901e-08	1.099185e+01	12	1	

4100	8.560976e-08	1.100537e+01	13	1	

4150	8.554217e-08	1.102940e+01	13	1	

4200	8.523810e-08	1.105286e+01	13	1	

4250	8.517647e-08	1.107576e+01	13	1	

4300	8.534884e-08	1.109814e+01	13	1	

4350	8.505747e-08	1.112000e+01	13	1	

4400	8.500000e-08	1.114136e+01	13	1	

4450	8.539326e-08	1.116225e+01	13	1	

4500	8.511111e-08	1.118267e+01	13	1	

4550	8.549451e-08	1.120264e+01	13	1	

4600	8.521739e-08	1.122217e+01	13	1	

4650	8.494624e-08	1.124129e+01	13	1	

4700	8.510638e-08	1.126000e+01	13	1	

4750	8.526316e-08	1.127832e+01	13	1	

4800	8.541667e-08	1.129625e+01	13	1	

4850	8.536082e-08	1.131381e+01	13	1	

4900	8.530612e-08	1.133102e+01	13	1	

4950	9.232323e-08	1.134788e+01	13	1	

5000	8.500000e-08	1.136440e+01	13	1	

5050	8.514851e-08	1.138059e+01	13	1	

5100	8.509804e-08	1.139647e+01	13	1	

5150	8.504854e-08	1.141204e+01	13	1	

5200	8.500000e-08	1.142731e+01	13	1	

5250	8.514286e-08	1.144229e+01	13	1	

5300	8.547170e-08	1.145698e+01	13	1	

5350	9.028037e-08	1.147140e+01	13	1	

5400	8.555556e-08	1.148556e+01	13	1	

5450	8.550459e-08	1.149945e+01	13	1	

5500	8.581818e-08	1.151309e+01	13	1	

5550	8.612613e-08	1.152649e+01	13	1	

5600	8.607143e-08	1.153964e+01	13	1	

5650	8.601770e-08	1.155257e+01	13	1	

5700	9.614035e-08	1.156526e+01	13	1	

5750	8.660870e-08	1.157774e+01	13	1	

5800	8.637931e-08	1.159000e+01	13	1	

5850	8.649573e-08	1.160205e+01	13	1	

5900	8.677966e-08	1.161390e+01	13	1	

5950	8.705882e-08	1.162555e+01	13	1	

6000	8.683333e-08	1.163700e+01	13	1	

6050	8.677686e-08	1.164826e+01	13	1	

6100	8.688525e-08	1.165934e+01	13	1	

6150	8.699187e-08	1.167024e+01	13	1	

6200	8.725806e-08	1.168097e+01	13	1	

6250	8.736000e-08	1.169152e+01	13	1	

6300	8.682540e-08	1.170190e+01	13	1	

6350	8.724409e-08	1.171213e+01	13	1	

6400	8.734375e-08	1.172219e+01	13	1	

6450	8.713178e-08	1.173209e+01	13	1	

6500	8.723077e-08	1.174185e+01	13	1	

6550	8.763359e-08	1.175145e+01	13	1	

6600	8.742424e-08	1.176091e+01	13	1	

6650	9.293233e-08	1.177023e+01	13	1	

6700	8.746269e-08	1.177940e+01	13	1	

6750	8.740741e-08	1.178844e+01	13	1	

6800	8.764706e-08	1.179735e+01	13	1	

6850	9.299270e-08	1.180613e+01	13	1	

6900	8.739130e-08	1.181478e+01	13	1	

6950	8.762590e-08	1.182331e+01	13	1	

7000	8.771429e-08	1.183171e+01	13	1	

7050	8.765957e-08	1.184000e+01	13	1	

7100	8.760563e-08	1.184817e+01	13	1	

7150	8.783217e-08	1.185622e+01	13	1	

7200	8.791667e-08	1.186417e+01	13	1	

7250	8.786207e-08	1.187200e+01	13	1	

7300	8.821918e-08	1.187973e+01	13	1	

7350	8.829932e-08	1.188735e+01	13	1	

7400	8.810811e-08	1.189486e+01	13	1	

7450	8.832215e-08	1.190228e+01	13	1	

7500	8.773333e-08	1.190960e+01	13	1	

7550	8.821192e-08	1.191682e+01	13	1	

7600	8.802632e-08	1.192395e+01	13	1	

7650	8.862745e-08	1.193098e+01	13	1	

7700	8.740260e-08	1.193792e+01	13	1	

7750	8.774194e-08	1.194477e+01	13	1	

7800	8.794872e-08	1.195154e+01	13	1	

7850	8.802548e-08	1.195822e+01	13	1	

7900	8.810127e-08	1.196481e+01	13	1	

7950	8.817610e-08	1.197132e+01	13	1	

8000	8.825000e-08	1.197775e+01	13	1	

8050	8.807453e-08	1.198410e+01	13	1	

8100	8.802469e-08	1.199037e+01	13	1	

8150	8.834356e-08	1.199656e+01	13	1	

8200	8.817073e-08	1.200378e+01	14	1	

8250	8.824242e-08	1.201588e+01	14	1	

8300	8.831325e-08	1.202783e+01	14	1	

8350	8.802395e-08	1.203964e+01	14	1	

8400	8.821429e-08	1.205131e+01	14	1	

8450	8.828402e-08	1.206284e+01	14	1	

8500	8.811765e-08	1.207424e+01	14	1	

8550	8.818713e-08	1.208550e+01	14	1	

8600	9.232558e-08	1.209663e+01	14	1	

8650	8.832370e-08	1.210763e+01	14	1	

8700	8.862069e-08	1.211851e+01	14	1	

8750	9.782857e-08	1.212926e+01	14	1	

8800	8.863636e-08	1.213989e+01	14	1	

8850	8.824859e-08	1.215040e+01	14	1	

8900	8.853933e-08	1.216079e+01	14	1	

8950	8.804469e-08	1.217106e+01	14	1	

9000	8.844444e-08	1.218122e+01	14	1	

9050	8.817680e-08	1.219127e+01	14	1	

9100	8.813187e-08	1.220121e+01	14	1	

9150	8.819672e-08	1.221104e+01	14	1	

9200	8.826087e-08	1.222076e+01	14	1	

9250	8.821622e-08	1.223038e+01	14	1	

9300	8.838710e-08	1.223989e+01	14	1	

9350	8.855615e-08	1.224930e+01	14	1	

9400	8.893617e-08	1.225862e+01	14	1	

9450	8.878307e-08	1.226783e+01	14	1	

9500	8.842105e-08	1.227695e+01	14	1	

9550	8.869110e-08	1.228597e+01	14	1	

9600	8.875000e-08	1.229490e+01	14	1	

9650	8.901554e-08	1.230373e+01	14	1	

9700	8.835052e-08	1.231247e+01	14	1	

9750	1.118974e-07	1.232113e+01	14	1	

9800	8.877551e-08	1.232969e+01	14	1	

9850	8.862944e-08	1.233817e+01	14	1	

9900	8.878788e-08	1.234657e+01	14	1	

9950	9.306533e-08	1.235487e+01	14	1	

10000	8.870000e-08	1.236310e+01	14	1	
