Size	 Time	 Avg.	 Max.	 Min.	 
1000	3.140000e-06	2.915740e+02	995	1	

1050	1.689524e-06	4.539924e+02	1046	1	

1100	1.966364e-06	5.844827e+02	1039	18	

1150	1.790435e-06	5.177322e+02	1147	1	

1200	9.691667e-07	2.844717e+02	1149	1	

1250	1.972800e-06	5.786432e+02	1238	9	

1300	1.689231e-06	5.083262e+02	1297	19	

1350	2.814074e-06	8.096319e+02	1314	1	

1400	1.880714e-06	5.552136e+02	1390	75	

1450	2.502759e-06	7.522538e+02	1428	113	

1500	1.702000e-06	5.277007e+02	1476	2	

1550	2.358065e-06	7.125232e+02	1530	1	

1600	1.426250e-06	4.353838e+02	1596	1	

1650	1.903030e-06	5.800279e+02	1623	1	

1700	2.227647e-06	6.660576e+02	1695	1	

1750	1.242286e-06	3.736360e+02	1727	1	

1800	1.941111e-06	5.882611e+02	1738	1	

1850	3.036757e-06	9.018557e+02	1763	1	

1900	2.448421e-06	7.437453e+02	1806	18	

1950	3.505641e-06	1.043944e+03	1878	1	

2000	1.082500e-06	3.307465e+02	2000	1	

2050	1.681951e-06	5.183546e+02	2040	1	

2100	3.727143e-06	1.201967e+03	2091	30	

2150	2.364186e-06	8.022884e+02	2133	1	

2200	2.837273e-06	9.647295e+02	2194	1	

2250	2.195556e-06	7.493147e+02	2250	1	

2300	3.987391e-06	1.402446e+03	2293	3	

2350	2.681702e-06	8.717966e+02	2233	1	

2400	2.174167e-06	7.513362e+02	2396	18	

2450	2.258776e-06	7.487000e+02	2442	12	

2500	2.809200e-06	9.032844e+02	2492	1	

2550	4.530588e-06	1.497384e+03	2544	31	

2600	2.235385e-06	7.706869e+02	2573	1	

2650	2.007925e-06	7.239762e+02	2601	1	

2700	2.660741e-06	9.642407e+02	2655	1	

2750	3.228727e-06	1.271638e+03	2748	17	

2800	3.398571e-06	1.315463e+03	2730	1	

2850	4.200702e-06	1.602413e+03	2832	1	

2900	2.938621e-06	1.107176e+03	2897	41	

2950	4.405424e-06	1.683003e+03	2950	26	

3000	1.965667e-06	7.622013e+02	2984	1	

3050	4.376066e-06	1.649090e+03	3029	1	

3100	3.591935e-06	1.373107e+03	3097	1	

3150	2.473651e-06	9.639952e+02	3121	1	

3200	3.120000e-06	1.175031e+03	3190	1	

3250	3.354154e-06	1.275986e+03	3219	1	

3300	4.253333e-06	1.605484e+03	3275	1	

3350	3.854627e-06	1.440353e+03	3307	1	

3400	6.717353e-06	2.484651e+03	3378	1	

3450	3.060290e-06	1.163896e+03	3385	1	

3500	2.143714e-06	8.209671e+02	3469	1	

3550	4.054648e-06	1.535097e+03	3543	1	

3600	3.008056e-06	1.156952e+03	3486	1	

3650	2.350959e-06	9.081532e+02	3636	1	

3700	4.440811e-06	1.696749e+03	3682	42	

3750	4.310933e-06	1.616654e+03	3716	1	

3800	3.100789e-06	1.186944e+03	3761	1	

3850	3.915325e-06	1.472584e+03	3819	1	

3900	4.837949e-06	1.842687e+03	3872	35	

3950	5.253418e-06	1.992970e+03	3918	67	

4000	4.704750e-06	1.783298e+03	3998	4	

4050	5.578025e-06	2.072511e+03	3983	1	

4100	2.405610e-06	9.074641e+02	4097	1	

4150	5.304578e-06	2.005024e+03	4150	30	

4200	4.109048e-06	1.560607e+03	4193	25	

4250	5.794353e-06	2.188658e+03	4240	117	

4300	5.240000e-06	1.945080e+03	4291	1	

4350	3.449195e-06	1.304549e+03	4315	1	

4400	4.754318e-06	1.801152e+03	4381	29	

4450	6.443820e-06	2.426246e+03	4388	8	

4500	2.788667e-06	1.009013e+03	4443	1	

4550	6.909670e-06	2.545102e+03	4542	14	

4600	5.319348e-06	2.010370e+03	4580	1	

4650	5.382366e-06	2.019707e+03	4648	1	

4700	5.042553e-06	1.918843e+03	4698	49	

4750	4.858316e-06	1.830527e+03	4725	105	

4800	5.588958e-06	2.104642e+03	4798	1	

4850	4.033814e-06	1.524159e+03	4835	1	

4900	4.454694e-06	1.683898e+03	4726	1	

4950	4.268485e-06	1.590893e+03	4895	1	

5000	5.557800e-06	2.103263e+03	4943	1	

5050	7.195248e-06	2.702695e+03	5026	27	

5100	4.051961e-06	1.526050e+03	5077	1	

5150	5.560194e-06	2.088727e+03	5093	54	

5200	9.538077e-06	3.580390e+03	5102	43	

5250	5.048762e-06	1.882998e+03	5211	1	

5300	7.593019e-06	2.802361e+03	5249	5	

5350	2.927103e-06	1.108257e+03	5307	1	

5400	7.921481e-06	2.984964e+03	5387	76	

5450	6.809908e-06	2.556733e+03	5439	1	

5500	6.534182e-06	2.456609e+03	5485	1	

5550	6.303784e-06	2.312477e+03	5533	45	

5600	5.365179e-06	2.003014e+03	5487	9	

5650	5.256283e-06	1.962233e+03	5613	1	

5700	5.829298e-06	2.191380e+03	5652	1	

5750	7.958087e-06	3.003538e+03	5711	1	

5800	5.063276e-06	1.921090e+03	5766	1	

5850	7.567692e-06	2.865790e+03	5821	1	

5900	4.276271e-06	1.614788e+03	5900	1	

5950	4.408739e-06	1.677759e+03	5940	1	

6000	4.875333e-06	1.841427e+03	5972	1	

6050	6.696033e-06	2.524134e+03	6029	1	

6100	6.538361e-06	2.461936e+03	5896	1	

6150	9.212520e-06	3.516749e+03	6125	19	

6200	9.825968e-06	3.705647e+03	6193	56	

6250	8.575840e-06	3.259480e+03	6249	120	

6300	4.514603e-06	1.720259e+03	6250	1	

6350	9.532126e-06	3.509800e+03	6344	1	

6400	7.065625e-06	2.668856e+03	6395	1	

6450	1.092403e-05	4.122314e+03	6390	144	

6500	1.045538e-05	3.886876e+03	6454	1	

6550	6.378473e-06	2.428902e+03	6531	69	

6600	7.466061e-06	2.810647e+03	6535	1	

6650	4.858797e-06	1.845451e+03	6611	1	

6700	1.112299e-05	4.146154e+03	6643	34	

6750	1.166726e-05	4.412891e+03	6716	27	

6800	7.814118e-06	2.955642e+03	6800	35	

6850	9.121752e-06	3.399231e+03	6831	1	

6900	4.466377e-06	1.683850e+03	6867	1	

6950	6.764173e-06	2.577726e+03	6943	57	

7000	5.052429e-06	1.928586e+03	6990	1	

7050	6.668085e-06	2.522624e+03	7036	1	

7100	1.170028e-05	4.403288e+03	6977	16	

7150	6.290210e-06	2.379692e+03	7139	1	

7200	8.176528e-06	3.100812e+03	7165	1	

7250	6.930069e-06	2.605029e+03	7242	1	

7300	7.308904e-06	2.759373e+03	7226	1	

7350	5.782857e-06	2.192507e+03	7269	1	

7400	1.090176e-05	4.098178e+03	7387	1	

7450	1.033302e-05	3.925806e+03	7365	35	

7500	7.326000e-06	2.771412e+03	7498	62	

7550	5.564503e-06	2.095775e+03	7534	1	

7600	5.026579e-06	1.896872e+03	7454	1	

7650	3.278693e-06	1.239730e+03	7558	1	

7700	1.258740e-05	4.760901e+03	7582	1	

7750	8.987613e-06	3.393452e+03	7703	1	

7800	9.133462e-06	3.458192e+03	7748	1	

7850	4.131975e-06	1.562738e+03	7775	1	

7900	1.337582e-05	5.005005e+03	7880	16	

7950	1.252931e-05	4.676444e+03	7835	13	

8000	6.795625e-06	2.548679e+03	7972	1	

8050	1.222571e-05	4.579938e+03	7959	7	

8100	9.203333e-06	3.279233e+03	8100	1	

8150	1.162577e-05	4.296655e+03	8143	44	

8200	8.492683e-06	3.254496e+03	8147	1	

8250	1.453127e-05	5.451097e+03	8209	1	

8300	8.834940e-06	3.370078e+03	8251	13	

8350	1.448743e-05	5.504800e+03	8230	17	

8400	6.111190e-06	2.385744e+03	8395	1	

8450	7.029349e-06	2.721594e+03	8420	1	

8500	9.847059e-06	3.750026e+03	8497	1	

8550	8.990643e-06	3.425864e+03	8456	46	

8600	9.339186e-06	3.546041e+03	8442	1	

8650	8.344624e-06	3.113466e+03	8648	1	

8700	7.994253e-06	3.036305e+03	8679	41	

8750	1.047623e-05	3.925649e+03	8745	25	

8800	1.128330e-05	4.176391e+03	8783	35	

8850	1.096271e-05	4.214205e+03	8697	1	

8900	9.485730e-06	3.707349e+03	8702	1	

8950	1.400190e-05	5.352282e+03	8945	1	

9000	1.298756e-05	4.996443e+03	8889	1	

9050	9.815138e-06	3.755916e+03	9000	1	

9100	1.092462e-05	4.181542e+03	9025	19	

9150	1.133268e-05	4.370703e+03	9082	81	

9200	7.986196e-06	3.040797e+03	9172	1	

9250	6.527459e-06	2.490566e+03	9170	1	

9300	8.860645e-06	3.314818e+03	9256	1	

9350	8.023957e-06	3.047470e+03	9206	1	

9400	9.621383e-06	3.638856e+03	9399	1	

9450	7.070159e-06	2.692167e+03	9326	1	

9500	7.765684e-06	2.943042e+03	9358	1	

9550	1.189602e-05	4.493142e+03	9457	2	

9600	5.076458e-06	1.919052e+03	9594	1	

9650	1.606767e-05	6.286638e+03	9627	14	

9700	1.096216e-05	4.222573e+03	9687	123	

9750	1.450738e-05	5.553414e+03	9692	55	

9800	8.503469e-06	3.233698e+03	9633	1	

9850	1.016731e-05	3.905226e+03	9793	1	

9900	1.248636e-05	4.782209e+03	9881	1	

9950	7.820000e-06	3.072083e+03	9944	1	

10000	1.041310e-05	4.008293e+03	9991	1	
