Size	 Time	 Avg.	 Max.	 Min.	 
1000	4.837090e-08	1.003039e+01	1000	1	

1050	4.797857e-08	1.060612e+01	1050	1	

1100	5.441236e-08	1.086402e+01	1100	1	

1150	5.901565e-08	1.148484e+01	1150	1	

1200	6.542850e-08	1.148731e+01	1200	1	

1250	5.353696e-08	1.154399e+01	1250	1	

1300	5.188062e-08	1.183962e+01	1300	1	

1350	5.247289e-08	1.203575e+01	1350	1	

1400	5.416186e-08	1.271088e+01	1400	1	

1450	5.371007e-08	1.247417e+01	1450	1	

1500	5.530727e-08	1.323482e+01	1500	1	

1550	5.567935e-08	1.334061e+01	1550	1	

1600	5.640331e-08	1.338957e+01	1600	1	

1650	5.694418e-08	1.380880e+01	1650	1	

1700	5.857047e-08	1.447247e+01	1700	1	

1750	5.633206e-08	1.358338e+01	1750	1	

1800	5.838011e-08	1.439308e+01	1800	1	

1850	5.921411e-08	1.456670e+01	1850	1	

1900	5.971653e-08	1.475853e+01	1900	1	

1950	6.088282e-08	1.524771e+01	1950	1	

2000	6.077785e-08	1.520291e+01	2000	1	

2050	6.266980e-08	1.581665e+01	2050	1	

2100	6.488986e-08	1.680332e+01	2100	1	

2150	6.395009e-08	1.648880e+01	2150	1	

2200	6.392905e-08	1.641045e+01	2200	1	

2250	6.507973e-08	1.681715e+01	2250	1	

2300	6.777604e-08	1.785801e+01	2300	1	

2350	6.662923e-08	1.741431e+01	2350	1	

2400	6.703783e-08	1.761964e+01	2400	1	

2450	6.752641e-08	1.776100e+01	2450	1	

2500	6.867540e-08	1.822970e+01	2500	1	

2550	7.087965e-08	1.894051e+01	2550	1	

2600	7.344908e-08	1.997152e+01	2600	1	

2650	7.162030e-08	1.914557e+01	2650	1	

2700	7.139844e-08	1.922424e+01	2700	1	

2750	7.204804e-08	1.945554e+01	2750	1	

2800	7.340486e-08	1.982404e+01	2800	1	

2850	7.322526e-08	1.987582e+01	2850	1	

2900	7.485000e-08	2.039346e+01	2900	1	

2950	7.687197e-08	2.103137e+01	2950	1	

3000	7.476127e-08	2.045312e+01	3000	1	

3050	7.597393e-08	2.086634e+01	3050	1	

3100	7.687939e-08	2.120426e+01	3100	1	

3150	7.674702e-08	2.113861e+01	3150	1	

3200	7.814581e-08	2.165738e+01	3200	1	

3250	7.835135e-08	2.165912e+01	3250	1	

3300	7.974642e-08	2.222726e+01	3300	1	

3350	7.996970e-08	2.226722e+01	3350	1	

3400	8.295397e-08	2.346696e+01	3400	1	

3450	8.430649e-08	2.389499e+01	3450	1	

3500	8.918369e-08	2.565902e+01	3500	1	

3550	8.548713e-08	2.440416e+01	3550	1	

3600	8.891558e-08	2.564528e+01	3600	1	

3650	8.301693e-08	2.347316e+01	3650	1	

3700	8.530173e-08	2.432946e+01	3700	1	

3750	8.877520e-08	2.558426e+01	3750	1	

3800	8.810900e-08	2.543138e+01	3800	1	

3850	8.734319e-08	2.496022e+01	3850	1	

3900	8.868751e-08	2.512875e+01	3900	1	

3950	8.835213e-08	2.530464e+01	3950	1	

4000	9.162512e-08	2.671067e+01	4000	1	

4050	9.475220e-08	2.774901e+01	4050	1	

4100	9.255980e-08	2.693630e+01	4100	1	

4150	8.918395e-08	2.574119e+01	4150	1	

4200	1.012365e-07	3.005796e+01	4200	1	

4250	9.754635e-08	2.816165e+01	4250	1	

4300	9.766742e-08	2.885221e+01	4300	1	

4350	9.435577e-08	2.749468e+01	4350	1	

4400	9.782848e-08	2.893167e+01	4400	1	

4450	9.566337e-08	2.814420e+01	4450	1	

4500	9.758520e-08	2.877149e+01	4500	1	

4550	1.009796e-07	2.999922e+01	4550	1	

4600	1.013937e-07	3.029652e+01	4600	1	

4650	1.029490e-07	3.084917e+01	4650	1	

4700	1.031371e-07	3.087444e+01	4700	1	

4750	1.010126e-07	3.012415e+01	4750	1	

4800	1.064466e-07	3.208997e+01	4800	1	

4850	1.023168e-07	3.065464e+01	4850	1	

4900	1.050566e-07	3.157608e+01	4900	1	

4950	1.073151e-07	3.250867e+01	4950	1	

5000	1.007043e-07	3.006673e+01	5000	1	

5050	1.055407e-07	3.175788e+01	5050	1	

5100	1.119038e-07	3.415597e+01	5100	1	

5150	1.032245e-07	3.091285e+01	5150	1	

5200	1.081361e-07	3.284025e+01	5200	1	

5250	1.132779e-07	3.470831e+01	5250	1	

5300	1.449900e-07	3.358852e+01	5300	1	

5350	4.750048e-07	3.361893e+01	5350	1	

5400	4.852474e-07	3.448888e+01	5400	1	

5450	4.980274e-07	3.560342e+01	5450	1	

5500	4.851712e-07	3.437664e+01	5500	1	

5550	4.791873e-07	3.403434e+01	5550	1	

5600	3.618846e-07	3.416214e+01	5600	1	

5650	1.321074e-07	3.554814e+01	5650	1	

5700	1.193902e-07	3.383903e+01	5700	1	

5750	1.234840e-07	3.446227e+01	5750	1	

5800	1.276156e-07	-3.693308e+01	5800	1	

5850	1.462818e-07	-3.544079e+01	5850	1	

5900	1.364869e-07	3.458520e+01	5900	1	

5950	1.441989e-07	-3.501565e+01	5950	1	

6000	1.348580e-07	3.427594e+01	6000	1	

6050	1.308793e-07	-3.517901e+01	6050	1	

6100	1.305151e-07	-3.381129e+01	6100	1	

6150	1.362506e-07	-3.275671e+01	6150	1	

6200	1.346030e-07	-3.152313e+01	6200	1	

6250	1.345468e-07	-3.012412e+01	6250	1	

6300	1.511222e-07	-2.933963e+01	6300	1	

6350	1.544079e-07	-3.008776e+01	6350	1	

6400	1.603064e-07	-2.744266e+01	6400	1	

6450	1.466051e-07	-2.652545e+01	6450	1	

6500	1.441705e-07	-2.618062e+01	6500	1	

6550	1.502294e-07	-2.439333e+01	6550	1	

6600	1.421809e-07	-2.502890e+01	6600	1	

6650	1.411814e-07	-2.417175e+01	6650	1	

6700	1.488392e-07	-2.168661e+01	6700	1	

6750	1.417836e-07	-2.219336e+01	6750	1	

6800	1.411988e-07	-2.127586e+01	6800	1	

6850	1.479015e-07	-2.026721e+01	6850	1	

6900	1.395146e-07	-2.125241e+01	6900	1	

6950	1.396836e-07	-2.052198e+01	6950	1	

7000	1.471266e-07	-1.812964e+01	7000	1	

7050	1.457954e-07	-1.747175e+01	7050	1	

7100	1.461623e-07	-1.797947e+01	7100	1	

7150	1.470136e-07	-1.641227e+01	7150	1	

7200	1.548723e-07	-1.740023e+01	7200	1	

7250	1.562163e-07	-1.689699e+01	7250	1	

7300	1.599573e-07	-1.360006e+01	7300	1	

7350	1.570357e-07	-1.430747e+01	7350	1	

7400	1.540233e-07	-1.186481e+01	7400	1	

7450	1.472414e-07	-1.444390e+01	7450	1	

7500	1.541181e-07	-1.136434e+01	7500	1	

7550	1.568546e-07	-1.078419e+01	7550	1	

7600	1.629668e-07	-7.872708e+00	7600	1	

7650	1.640826e-07	-1.070028e+01	7650	1	

7700	1.655800e-07	-7.586593e+00	7700	1	

7750	1.641139e-07	-7.716180e+00	7750	1	

7800	1.594779e-07	-8.919915e+00	7800	1	

7850	1.541505e-07	-6.798007e+00	7850	1	

7900	1.483025e-07	-6.438794e+00	7900	1	

7950	1.530288e-07	-3.867257e+00	7950	1	

8000	1.458287e-07	-6.230753e+00	8000	1	

8050	1.480540e-07	-5.963234e+00	8050	1	

8100	1.571400e-07	-4.918809e+00	8100	1	

8150	1.574066e-07	-4.518530e+00	8150	1	

8200	1.538805e-07	-5.390828e+00	8200	1	

8250	1.612632e-07	-2.368301e+00	8250	1	

8300	1.617914e-07	-1.968235e+00	8300	1	

8350	1.597643e-07	-2.348623e+00	8350	1	

8400	1.551391e-07	-3.639889e+00	8400	1	

8450	1.664170e-07	6.989793e-01	8450	1	

8500	1.583047e-07	-1.877324e+00	8500	1	

8550	1.590417e-07	-1.168769e+00	8550	1	

8600	1.641758e-07	8.453461e-01	8600	1	

8650	1.621230e-07	3.276853e-01	8650	1	

8700	2.010090e-07	6.951539e+00	8700	1	

8750	1.834663e-07	2.788627e+00	8750	1	

8800	1.905119e-07	5.420530e+00	8800	1	

8850	1.933229e-07	4.044583e+00	8850	1	

8900	1.892084e-07	5.481489e+00	8900	1	

8950	1.934248e-07	5.063307e+00	8950	1	

9000	1.785385e-07	5.704499e+00	9000	1	

9050	1.851986e-07	6.751757e+00	9050	1	

9100	1.822967e-07	5.093691e+00	9100	1	

9150	1.894967e-07	8.785317e+00	9150	1	

9200	1.895129e-07	8.678194e+00	9200	1	

9250	1.850340e-07	8.501703e+00	9250	1	

9300	1.762942e-07	6.451297e+00	9300	1	

9350	1.866717e-07	1.022644e+01	9350	1	

9400	1.860950e-07	7.544838e+00	9400	1	

9450	1.881094e-07	9.534515e+00	9450	1	

9500	1.755199e-07	7.492485e+00	9500	1	

9550	1.903523e-07	1.051885e+01	9550	1	

9600	1.906847e-07	1.080543e+01	9600	1	

9650	1.794238e-07	9.787726e+00	9650	1	

9700	1.778183e-07	9.589779e+00	9700	1	

9750	1.852935e-07	1.483914e+01	9750	1	

9800	1.792767e-07	1.015278e+01	9800	1	

9850	1.990953e-07	1.752445e+01	9850	1	

9900	1.918561e-07	1.496084e+01	9899	1	

9950	1.939080e-07	1.555066e+01	9949	1	

10000	2.001289e-07	1.606945e+01	10000	1	
