Size	 Time	 Avg.	 Max.	 Min.	 
1	3.309000e-03	0.000000e+00	0	0	

6	7.950000e-04	1.070000e+01	13	8	

11	1.520000e-04	2.690000e+01	31	24	

16	2.280000e-04	5.360000e+01	70	40	

21	3.020000e-04	7.850000e+01	95	62	

26	3.760000e-04	9.970000e+01	123	87	

31	4.540000e-04	1.351000e+02	171	117	

36	7.690000e-04	1.723000e+02	197	140	

41	6.410000e-04	2.063000e+02	259	177	

46	7.100000e-04	2.355000e+02	286	211	

51	5.175000e-03	2.617000e+02	290	230	

56	8.940000e-04	2.807000e+02	314	253	

61	9.610000e-04	3.197000e+02	361	292	

66	1.240000e-03	3.893000e+02	421	345	

71	1.268000e-03	4.039000e+02	468	357	

76	1.602000e-03	4.424000e+02	506	384	

81	1.544000e-03	4.794000e+02	569	416	

86	1.764000e-03	5.137000e+02	601	461	

91	1.855000e-03	5.493000e+02	631	505	

96	1.715000e-03	6.031000e+02	678	534	

101	1.731000e-03	6.617000e+02	786	582	

106	1.742000e-03	6.543000e+02	748	573	

111	1.855000e-03	7.575000e+02	882	650	

116	2.313000e-03	7.610000e+02	846	707	

121	2.233000e-03	8.106000e+02	946	708	

126	2.233000e-03	8.478000e+02	1080	769	

131	2.235000e-03	9.415000e+02	1089	838	

136	2.285000e-03	9.429000e+02	1062	884	

141	2.660000e-03	1.011900e+03	1132	882	

146	2.632000e-03	1.041400e+03	1190	911	

151	2.595000e-03	1.075500e+03	1204	962	

156	2.675000e-03	1.127800e+03	1311	994	

161	2.788000e-03	1.160000e+03	1248	1041	

166	3.375000e-03	1.233400e+03	1504	1078	

171	3.035000e-03	1.338800e+03	1650	1190	

176	3.321000e-03	1.413500e+03	1565	1275	

181	3.135000e-03	1.342700e+03	1461	1238	

186	3.567000e-03	1.407100e+03	1568	1212	

191	3.328000e-03	1.479900e+03	1749	1321	

196	3.407000e-03	1.491200e+03	1659	1389	

201	3.808000e-03	1.585400e+03	1993	1432	

206	3.762000e-03	1.641500e+03	1791	1410	

211	4.031000e-03	1.769000e+03	2033	1517	

216	4.061000e-03	1.746100e+03	2092	1550	

221	4.095000e-03	1.783600e+03	1926	1541	

226	4.099000e-03	1.927300e+03	2652	1729	

231	4.386000e-03	1.886500e+03	2018	1701	

236	4.158000e-03	1.914900e+03	2219	1713	

241	4.347000e-03	2.033400e+03	2314	1690	

246	4.780000e-03	2.021100e+03	2174	1823	

251	4.392000e-03	1.990200e+03	2166	1870	

256	4.857000e-03	2.142600e+03	2336	1996	

261	4.917000e-03	2.265100e+03	2596	1995	

266	4.841000e-03	2.294800e+03	2550	2071	

271	5.225000e-03	2.318800e+03	2567	2120	

276	4.983000e-03	2.324900e+03	2542	2132	

281	5.333000e-03	2.387700e+03	2788	2190	

286	5.330000e-03	2.408600e+03	2568	2218	

291	5.333000e-03	2.426100e+03	2732	2242	

296	5.671000e-03	2.516100e+03	2777	2360	

301	5.505000e-03	2.684200e+03	3018	2412	

306	5.800000e-03	2.564500e+03	2799	2378	

311	5.739000e-03	2.752200e+03	3035	2538	

316	6.026000e-03	2.762800e+03	2937	2623	

321	6.010000e-03	2.805600e+03	2945	2629	

326	6.169000e-03	2.798200e+03	3086	2614	

331	6.030000e-03	2.864200e+03	3251	2666	

336	6.533000e-03	2.881300e+03	3093	2707	

341	6.143000e-03	3.074100e+03	3595	2847	

346	6.700000e-03	3.204400e+03	3627	2830	

351	6.451000e-03	3.224100e+03	3615	2828	

356	9.636000e-03	3.305800e+03	3725	3015	

361	6.534000e-03	3.207500e+03	4045	2921	

366	7.067000e-03	3.227000e+03	3510	2940	

371	6.858000e-03	3.361200e+03	3774	3143	

376	7.128000e-03	3.336400e+03	3632	3086	

381	7.658000e-03	3.559500e+03	3992	3284	

386	7.186000e-03	3.432700e+03	3655	3192	

391	1.871700e-02	3.662300e+03	4030	3258	

396	2.798000e-02	3.572700e+03	3935	3156	

401	7.539000e-03	3.582900e+03	3962	3385	

406	7.992000e-03	3.729500e+03	4160	3413	

411	7.994000e-03	3.799700e+03	4002	3569	

416	7.852000e-03	3.798300e+03	4118	3541	

421	8.418000e-03	3.834900e+03	4218	3613	

426	8.197000e-03	3.872300e+03	4059	3609	

431	8.258000e-03	4.068900e+03	4764	3778	

436	8.485000e-03	3.970000e+03	4440	3603	

441	9.039000e-03	4.149400e+03	4533	3810	

446	8.370000e-03	3.969800e+03	4329	3718	

451	1.836400e-02	4.212900e+03	4709	3895	

456	8.755000e-03	4.289800e+03	4689	3883	

461	9.150000e-03	4.410900e+03	5041	3901	

466	9.043000e-03	4.340200e+03	4753	3965	

471	9.072000e-03	4.280000e+03	4556	4000	

476	9.268000e-03	4.608500e+03	5576	4126	

481	9.296000e-03	4.593400e+03	5154	4083	

486	9.586000e-03	4.778800e+03	5234	4304	

491	9.458000e-03	4.635600e+03	5362	4172	

496	9.962000e-03	4.830200e+03	5406	4330	

501	1.004400e-02	4.895600e+03	5300	4410	

506	1.377000e-02	4.797300e+03	5176	4493	

511	1.034400e-02	5.163700e+03	5975	4632	

516	1.045700e-02	4.991900e+03	5632	4680	

521	1.057900e-02	5.115900e+03	5401	4894	

526	1.054200e-02	5.052800e+03	5445	4696	

531	1.046800e-02	5.225900e+03	6090	4699	

536	1.082600e-02	5.226000e+03	5862	4857	

541	1.079000e-02	5.252200e+03	5819	4788	

546	1.098500e-02	5.442200e+03	6081	5051	

551	1.276900e-02	5.303400e+03	5727	4930	

556	3.658600e-02	5.462100e+03	5848	5138	

561	2.879000e-02	5.451400e+03	5868	5060	

566	1.365900e-02	5.338400e+03	6092	5114	

571	1.120800e-02	5.504300e+03	5876	5143	

576	1.163800e-02	5.797700e+03	7097	5210	

581	1.141400e-02	5.733500e+03	6806	5413	

586	1.206100e-02	5.962600e+03	6530	5197	

591	1.155700e-02	5.819300e+03	6351	5290	

596	1.215200e-02	6.280400e+03	7231	5745	

601	1.218100e-02	6.295300e+03	7077	6017	

606	1.205500e-02	6.188300e+03	6870	5564	

611	3.497300e-02	5.980600e+03	6589	5638	

616	2.440600e-02	6.050900e+03	6425	5749	

621	2.991100e-02	6.285700e+03	6483	5845	

626	1.248600e-02	6.406100e+03	7209	6047	

631	1.282300e-02	6.442200e+03	7198	5933	

636	2.797000e-02	6.329100e+03	6854	5879	

641	1.290700e-02	6.507600e+03	7339	5916	

646	1.302700e-02	6.657000e+03	7305	6173	

651	1.267000e-02	6.417300e+03	7216	5923	

656	1.305100e-02	6.660600e+03	7180	6215	

661	1.292300e-02	6.588400e+03	7060	6105	

666	1.315300e-02	6.849700e+03	7553	6294	

671	1.316300e-02	6.698600e+03	7763	5913	

676	1.642300e-02	6.828900e+03	7637	6387	

681	1.433800e-02	6.890500e+03	7783	6185	

686	1.370400e-02	7.079900e+03	7781	6425	

691	1.421900e-02	7.109100e+03	7565	6286	

696	1.429400e-02	7.385900e+03	8096	7072	

701	1.402300e-02	7.184400e+03	7557	6803	

706	1.412500e-02	7.228800e+03	7861	6616	

711	1.430100e-02	7.370300e+03	8274	6718	

716	1.431000e-02	7.497300e+03	8094	6648	

721	1.420100e-02	7.447600e+03	8103	6776	

726	1.745800e-02	7.371800e+03	8150	6800	

731	1.502800e-02	7.836000e+03	9064	7410	

736	1.459800e-02	7.543500e+03	8001	6989	

741	1.488200e-02	7.835800e+03	8510	6788	

746	1.502200e-02	7.621200e+03	8365	7280	

751	1.485200e-02	7.793400e+03	8413	7335	

756	1.614300e-02	7.724100e+03	8413	7214	

761	1.686200e-02	8.268500e+03	9009	7616	

766	1.580100e-02	7.891000e+03	8712	7226	

771	1.560100e-02	8.048500e+03	8768	7415	

776	1.611000e-02	8.220000e+03	9294	7474	

781	1.571700e-02	8.216500e+03	8694	7763	

786	1.596100e-02	8.182800e+03	9817	7576	

791	1.594100e-02	8.601800e+03	9615	7441	

796	1.655900e-02	8.527400e+03	9005	7738	

801	1.619700e-02	8.371700e+03	9412	7559	

806	1.636500e-02	8.299800e+03	8944	7697	

811	1.632900e-02	8.465600e+03	9317	7773	

816	1.752700e-02	8.652100e+03	10064	7726	

821	2.016700e-02	8.877200e+03	10260	8089	

826	1.725000e-02	8.755200e+03	10047	7813	

831	1.706000e-02	8.648300e+03	9491	8163	

836	1.737500e-02	8.873900e+03	9569	7967	

841	1.779700e-02	8.917700e+03	10250	8272	

846	1.689100e-02	8.653100e+03	9395	8034	

851	1.727300e-02	9.174000e+03	10073	8331	

856	1.791500e-02	9.418900e+03	10294	8387	

861	1.757200e-02	9.000300e+03	9817	8372	

866	2.103100e-02	9.332900e+03	10190	8542	

871	1.811200e-02	9.522800e+03	10636	8620	

876	1.734900e-02	9.242500e+03	10272	8787	

881	1.835300e-02	9.341300e+03	9962	8592	

886	1.788900e-02	9.522200e+03	10283	8802	

891	1.831400e-02	9.840500e+03	11790	9099	

896	1.879700e-02	9.637300e+03	10050	9153	

901	1.850100e-02	9.690600e+03	10799	8654	

906	1.838800e-02	9.628500e+03	10955	8971	

911	1.841400e-02	9.884600e+03	11022	9056	

916	1.911600e-02	9.727800e+03	10564	8972	

921	1.857200e-02	9.991100e+03	11677	9452	

926	1.862000e-02	1.005510e+04	11419	9491	

931	1.846100e-02	1.006890e+04	11942	9410	

936	1.798400e-02	9.886100e+03	10184	9193	

941	1.910600e-02	1.012450e+04	11389	9360	

946	2.041000e-02	1.034800e+04	10886	9894	

951	1.967300e-02	1.052810e+04	11649	9492	

956	2.300500e-02	1.031770e+04	11455	9644	

961	1.955300e-02	1.057870e+04	12287	9780	

966	4.896300e-02	1.041020e+04	11388	9567	

971	1.949600e-02	1.072480e+04	12610	9584	

976	1.955500e-02	1.064220e+04	11994	10042	

981	2.031400e-02	1.047930e+04	11338	10015	

986	2.021600e-02	1.094420e+04	11727	10248	

991	2.103700e-02	1.123760e+04	12171	10483	

996	2.354700e-02	1.098180e+04	12015	10138	
