Size	 Time	 Avg.	 Max.	 Min.	 
1	8.260000e-04	0.000000e+00	0	0	

6	3.484000e-03	1.030000e+01	11	10	

11	4.100000e-04	2.640000e+01	29	23	

16	7.460000e-04	4.620000e+01	49	43	

21	1.137000e-03	6.750000e+01	72	64	

26	1.251000e-03	9.250000e+01	96	86	

31	1.448000e-03	1.166000e+02	120	114	

36	1.698000e-03	1.416000e+02	148	136	

41	1.964000e-03	1.714000e+02	178	165	

46	4.847000e-03	1.980000e+02	204	190	

51	2.234000e-03	2.265000e+02	233	221	

56	2.925000e-03	2.562000e+02	263	245	

61	3.074000e-03	2.887000e+02	291	283	

66	3.008000e-03	3.193000e+02	323	314	

71	3.146000e-03	3.471000e+02	353	336	

76	3.322000e-03	3.833000e+02	393	376	

81	3.464000e-03	4.173000e+02	423	409	

86	3.706000e-03	4.484000e+02	460	443	

91	3.787000e-03	4.833000e+02	490	477	

96	3.993000e-03	5.141000e+02	522	505	

101	4.105000e-03	5.497000e+02	556	539	

106	4.226000e-03	5.835000e+02	591	577	

111	4.341000e-03	6.172000e+02	624	608	

116	4.387000e-03	6.513000e+02	664	641	

121	4.877000e-03	6.828000e+02	691	672	

126	4.822000e-03	7.231000e+02	735	714	

131	4.992000e-03	7.569000e+02	764	750	

136	5.955000e-03	7.968000e+02	806	783	

141	5.257000e-03	8.298000e+02	838	822	

146	5.954000e-03	8.691000e+02	874	863	

151	5.751000e-03	9.096000e+02	919	899	

156	6.158000e-03	9.439000e+02	952	936	

161	6.330000e-03	9.818000e+02	989	975	

166	6.362000e-03	1.022000e+03	1029	1018	

171	6.741000e-03	1.059400e+03	1074	1044	

176	6.807000e-03	1.099100e+03	1113	1077	

181	7.144000e-03	1.134300e+03	1143	1124	

186	7.178000e-03	1.170500e+03	1185	1154	

191	7.462000e-03	1.211000e+03	1227	1201	

196	7.592000e-03	1.255300e+03	1268	1242	

201	7.881000e-03	1.290600e+03	1300	1284	

206	8.014000e-03	1.332900e+03	1342	1319	

211	8.762000e-03	1.364400e+03	1374	1353	

216	8.661000e-03	1.406600e+03	1422	1394	

221	8.807000e-03	1.444600e+03	1457	1433	

226	8.802000e-03	1.487700e+03	1504	1473	

231	8.840000e-03	1.528400e+03	1545	1521	

236	9.223000e-03	1.566300e+03	1579	1556	

241	9.390000e-03	1.604400e+03	1617	1588	

246	9.777000e-03	1.643300e+03	1659	1629	

251	1.002300e-02	1.685100e+03	1704	1679	

256	9.936000e-03	1.724600e+03	1733	1712	

261	1.035000e-02	1.769800e+03	1783	1754	

266	1.051800e-02	1.802300e+03	1818	1789	

271	1.063300e-02	1.849200e+03	1865	1827	

276	1.081400e-02	1.893000e+03	1901	1878	

281	1.105000e-02	1.933200e+03	1951	1921	

286	1.147100e-02	1.977800e+03	1997	1966	

291	1.145800e-02	2.024000e+03	2041	2005	

296	1.168900e-02	2.065500e+03	2080	2055	

301	1.207500e-02	2.108600e+03	2118	2099	

306	1.212400e-02	2.153000e+03	2168	2139	

311	1.233300e-02	2.191900e+03	2202	2176	

316	1.259800e-02	2.240100e+03	2260	2227	

321	1.255400e-02	2.274800e+03	2294	2259	

326	1.312900e-02	2.321700e+03	2336	2306	

331	1.341200e-02	2.362600e+03	2374	2346	

336	1.563200e-02	2.402100e+03	2412	2380	

341	1.365900e-02	2.445400e+03	2450	2441	

346	1.374700e-02	2.492600e+03	2524	2471	

351	1.407800e-02	2.525800e+03	2545	2506	

356	1.423500e-02	2.579900e+03	2599	2562	

361	1.454700e-02	2.620700e+03	2639	2602	

366	1.457600e-02	2.663400e+03	2677	2642	

371	1.495300e-02	2.709300e+03	2726	2691	

376	1.503200e-02	2.751800e+03	2777	2737	

381	1.514200e-02	2.792100e+03	2810	2783	

386	1.587900e-02	2.837800e+03	2858	2824	

391	1.889900e-02	2.889300e+03	2903	2876	

396	1.786900e-02	2.926300e+03	2943	2914	

401	1.628400e-02	2.977000e+03	2993	2961	

406	1.619600e-02	3.020100e+03	3043	3006	

411	1.866500e-02	3.060400e+03	3092	3034	

416	1.689400e-02	3.103000e+03	3121	3087	

421	1.689300e-02	3.152200e+03	3166	3137	

426	1.706400e-02	3.196200e+03	3209	3178	

431	1.715300e-02	3.234700e+03	3254	3222	

436	1.747000e-02	3.285300e+03	3304	3272	

441	1.789100e-02	3.320000e+03	3340	3290	

446	1.796000e-02	3.367400e+03	3386	3350	

451	1.825900e-02	3.409200e+03	3436	3388	

456	1.856000e-02	3.464300e+03	3492	3447	

461	1.866300e-02	3.506400e+03	3526	3486	

466	1.883800e-02	3.554000e+03	3564	3544	

471	1.887500e-02	3.595200e+03	3619	3561	

476	1.926800e-02	3.633600e+03	3656	3617	

481	1.928200e-02	3.689100e+03	3709	3674	

486	1.964100e-02	3.736500e+03	3757	3722	

491	2.015900e-02	3.775900e+03	3814	3757	

496	1.995000e-02	3.819500e+03	3835	3795	

501	2.009500e-02	3.865400e+03	3880	3851	

506	2.047500e-02	3.909100e+03	3935	3890	

511	2.088100e-02	3.960000e+03	3977	3943	

516	2.078400e-02	3.994000e+03	4012	3968	

521	2.094100e-02	4.045700e+03	4060	4030	

526	2.126900e-02	4.096100e+03	4125	4068	

531	2.192900e-02	4.136500e+03	4172	4103	

536	2.191800e-02	4.188800e+03	4204	4165	

541	2.200500e-02	4.234300e+03	4256	4219	

546	2.195000e-02	4.273200e+03	4284	4261	

551	2.241200e-02	4.326900e+03	4337	4304	

556	2.243400e-02	4.374200e+03	4407	4346	

561	2.289700e-02	4.419500e+03	4433	4390	

566	2.281700e-02	4.473700e+03	4490	4443	

571	2.379100e-02	4.514400e+03	4533	4479	

576	2.320500e-02	4.569800e+03	4586	4556	

581	2.364000e-02	4.602900e+03	4618	4590	

586	2.394600e-02	4.652600e+03	4670	4638	

591	2.414200e-02	4.708500e+03	4733	4678	

596	2.457800e-02	4.764100e+03	4792	4730	

601	2.437300e-02	4.806600e+03	4843	4771	

606	2.477900e-02	4.851000e+03	4879	4828	

611	2.511200e-02	4.895900e+03	4910	4877	

616	2.509600e-02	4.941000e+03	4975	4888	

621	2.503500e-02	4.992600e+03	5013	4975	

626	2.566900e-02	5.043100e+03	5064	5018	

631	2.574200e-02	5.081200e+03	5103	5064	

636	2.580900e-02	5.128700e+03	5156	5070	

641	2.861300e-02	5.180500e+03	5196	5163	

646	2.738300e-02	5.224200e+03	5244	5200	

651	2.673900e-02	5.282700e+03	5298	5264	

656	2.694800e-02	5.329500e+03	5344	5305	

661	2.730500e-02	5.374000e+03	5409	5351	

666	2.738700e-02	5.424900e+03	5442	5406	

671	2.747700e-02	5.475100e+03	5507	5447	

676	2.802000e-02	5.522900e+03	5548	5498	

681	2.800400e-02	5.570800e+03	5593	5537	

686	2.815600e-02	5.612400e+03	5636	5584	

691	3.101100e-02	5.651100e+03	5671	5629	

696	2.904500e-02	5.711900e+03	5732	5696	

701	2.868400e-02	5.754800e+03	5781	5733	

706	2.883600e-02	5.810800e+03	5823	5790	

711	2.930500e-02	5.850100e+03	5874	5832	

716	2.900100e-02	5.911300e+03	5935	5884	

721	2.963000e-02	5.957800e+03	5985	5930	

726	2.966900e-02	6.008500e+03	6021	6001	

731	2.947700e-02	6.052600e+03	6074	6032	

736	3.007700e-02	6.095400e+03	6118	6078	

741	3.033700e-02	6.149700e+03	6168	6134	

746	3.037700e-02	6.196100e+03	6214	6185	

751	3.078000e-02	6.240100e+03	6276	6197	

756	3.096500e-02	6.294200e+03	6328	6278	

761	3.098700e-02	6.344900e+03	6371	6315	

766	3.169800e-02	6.386500e+03	6420	6359	

771	3.132900e-02	6.437100e+03	6476	6408	

776	3.133700e-02	6.491400e+03	6511	6465	

781	3.610900e-02	6.533400e+03	6548	6513	

786	3.220700e-02	6.582500e+03	6609	6567	

791	3.206600e-02	6.628700e+03	6648	6603	

796	3.277500e-02	6.675100e+03	6695	6648	

801	3.273000e-02	6.728400e+03	6755	6708	

806	3.266900e-02	6.776500e+03	6809	6744	

811	3.304700e-02	6.823000e+03	6845	6797	

816	3.289200e-02	6.885100e+03	6902	6867	

821	3.390200e-02	6.925300e+03	6940	6895	

826	3.605200e-02	6.972800e+03	6993	6945	

831	3.371000e-02	7.032000e+03	7045	6995	

836	3.426400e-02	7.068600e+03	7107	7045	

841	3.420000e-02	7.127300e+03	7149	7109	

846	3.472000e-02	7.171000e+03	7204	7138	

851	3.450400e-02	7.227800e+03	7256	7209	

856	3.484800e-02	7.273800e+03	7292	7256	

861	3.519000e-02	7.326900e+03	7350	7278	

866	3.766600e-02	7.371000e+03	7400	7329	

871	3.508200e-02	7.425700e+03	7483	7400	

876	3.541000e-02	7.456900e+03	7496	7429	

881	3.538900e-02	7.521800e+03	7539	7506	

886	3.608400e-02	7.573200e+03	7597	7543	

891	3.655100e-02	7.615000e+03	7631	7592	

896	3.703600e-02	7.667700e+03	7692	7640	

901	3.782100e-02	7.717900e+03	7742	7668	

906	3.695700e-02	7.768400e+03	7784	7741	

911	3.740900e-02	7.826800e+03	7843	7805	

916	3.724000e-02	7.871600e+03	7900	7827	

921	3.785200e-02	7.913600e+03	7945	7881	

926	3.808000e-02	7.960700e+03	7983	7944	

931	3.840600e-02	8.026100e+03	8060	7987	

936	3.834500e-02	8.075800e+03	8107	8057	

941	3.868200e-02	8.128000e+03	8155	8107	

946	3.917600e-02	8.166400e+03	8189	8144	

951	4.113700e-02	8.224200e+03	8252	8186	

956	3.912600e-02	8.267500e+03	8287	8232	

961	3.952300e-02	8.316500e+03	8343	8276	

966	3.994200e-02	8.373800e+03	8392	8357	

971	4.016700e-02	8.417900e+03	8442	8403	

976	4.011300e-02	8.471700e+03	8494	8444	

981	4.016500e-02	8.519100e+03	8539	8476	

986	4.008300e-02	8.567900e+03	8596	8538	

991	4.258900e-02	8.621400e+03	8647	8592	

996	4.044400e-02	8.658200e+03	8691	8621	
