Size	 Time	 Avg.	 Max.	 Min.	 
1000	2.610000e-07	9.191000e+00	10	5	

1050	2.647619e-07	9.447619e+00	11	5	

1100	2.627273e-07	9.457273e+00	11	3	

1150	2.608696e-07	9.480870e+00	11	5	

1200	2.758333e-07	9.461667e+00	11	5	

1250	3.144000e-07	9.486400e+00	11	5	

1300	1.800000e-07	9.636154e+00	11	5	

1350	1.325926e-07	9.617037e+00	11	6	

1400	1.428571e-07	9.638571e+00	11	5	

1450	1.089655e-07	9.663448e+00	11	5	

1500	9.200000e-08	9.729333e+00	11	5	

1550	9.548387e-08	1.011806e+01	11	6	

1600	8.437500e-08	1.009250e+01	11	6	

1650	8.060606e-08	1.010303e+01	11	6	

1700	8.058824e-08	1.011353e+01	11	5	

1750	8.114286e-08	1.013314e+01	11	4	

1800	8.166667e-08	1.022500e+01	11	6	

1850	8.216216e-08	1.021946e+01	11	7	

1900	8.210526e-08	1.017105e+01	11	6	

1950	8.153846e-08	1.021385e+01	11	6	

2000	8.150000e-08	1.024000e+01	11	5	

2050	8.487805e-08	1.043756e+01	11	6	

2100	8.190476e-08	1.043095e+01	11	5	

2150	7.953488e-08	1.041581e+01	12	3	

2200	7.727273e-08	1.046273e+01	12	6	

2250	7.600000e-08	1.046844e+01	12	5	

2300	7.391304e-08	1.045217e+01	12	4	

2350	7.319149e-08	1.047957e+01	12	6	

2400	7.208333e-08	1.050958e+01	12	5	

2450	7.020408e-08	1.051592e+01	12	4	

2500	6.760000e-08	1.052880e+01	12	6	

2550	7.333333e-08	1.050314e+01	12	6	

2600	8.615385e-08	1.063731e+01	12	6	

2650	8.188679e-08	1.061811e+01	12	5	

2700	7.888889e-08	1.060963e+01	12	5	

2750	7.636364e-08	1.063309e+01	12	6	

2800	7.357143e-08	1.063893e+01	12	6	

2850	7.403509e-08	1.069579e+01	12	6	

2900	7.379310e-08	1.067759e+01	12	5	

2950	6.779661e-08	1.067119e+01	12	6	

3000	7.133333e-08	1.067367e+01	12	5	

3050	7.737705e-08	1.071213e+01	12	6	

3100	6.741935e-08	1.112516e+01	12	6	

3150	6.825397e-08	1.111937e+01	12	5	

3200	6.812500e-08	1.114312e+01	12	6	

3250	6.800000e-08	1.111877e+01	12	3	

3300	7.878788e-08	1.113939e+01	12	6	

3350	6.805970e-08	1.113522e+01	12	5	

3400	8.117647e-08	1.113529e+01	12	3	

3450	9.072464e-08	1.111913e+01	12	6	

3500	7.657143e-08	1.112114e+01	12	5	

3550	8.788732e-08	1.114761e+01	12	4	

3600	8.305556e-08	1.117500e+01	12	7	

3650	8.246575e-08	1.120932e+01	12	6	

3700	7.783784e-08	1.121054e+01	12	6	

3750	7.840000e-08	1.122133e+01	12	6	

3800	7.500000e-08	1.121158e+01	12	6	

3850	6.831169e-08	1.120727e+01	12	5	

3900	7.769231e-08	1.121923e+01	12	7	

3950	7.240506e-08	1.122152e+01	12	5	

4000	6.850000e-08	1.122800e+01	12	7	

4050	1.000000e-07	1.121630e+01	12	7	

4100	9.317073e-08	1.144561e+01	12	7	

4150	8.000000e-08	1.141952e+01	13	6	

4200	8.904762e-08	1.144048e+01	13	5	

4250	8.117647e-08	1.143718e+01	13	7	

4300	8.697674e-08	1.142628e+01	13	6	

4350	6.804598e-08	1.145356e+01	13	7	

4400	7.227273e-08	1.144318e+01	13	5	

4450	8.292135e-08	1.145640e+01	13	4	

4500	7.644444e-08	1.143333e+01	13	6	

4550	6.835165e-08	1.146769e+01	13	6	

4600	6.782609e-08	1.143500e+01	13	6	

4650	6.795699e-08	1.149591e+01	13	6	

4700	6.872340e-08	1.147191e+01	13	6	

4750	6.821053e-08	1.150021e+01	13	5	

4800	7.437500e-08	1.148417e+01	13	5	

4850	7.711340e-08	1.148887e+01	13	6	

4900	7.265306e-08	1.148061e+01	13	6	

4950	7.757576e-08	1.149556e+01	13	6	

5000	7.320000e-08	1.150720e+01	13	5	

5050	8.574257e-08	1.150673e+01	13	5	

5100	8.058824e-08	1.152000e+01	13	6	

5150	7.165049e-08	1.164214e+01	13	7	

5200	7.211538e-08	1.161769e+01	13	6	

5250	7.847619e-08	1.163676e+01	13	5	

5300	7.509434e-08	1.164057e+01	13	5	

5350	6.953271e-08	1.162131e+01	13	6	

5400	7.370370e-08	1.164315e+01	13	6	

5450	6.935780e-08	1.162917e+01	13	7	

5500	7.872727e-08	1.163618e+01	13	7	

5550	8.450450e-08	1.163568e+01	13	5	

5600	7.375000e-08	1.163054e+01	13	5	

5650	7.433628e-08	1.167752e+01	13	7	

5700	7.719298e-08	1.167316e+01	13	6	

5750	7.269565e-08	1.167670e+01	13	4	

5800	6.982759e-08	1.165672e+01	13	6	

5850	7.931624e-08	1.169658e+01	13	7	

5900	9.101695e-08	1.167763e+01	13	5	

5950	7.882353e-08	1.169513e+01	13	7	

6000	1.125000e-07	1.167900e+01	13	6	

6050	8.082645e-08	1.169653e+01	13	7	

6100	7.803279e-08	1.169426e+01	13	6	

6150	7.853659e-08	1.212715e+01	13	7	

6200	8.451613e-08	1.213387e+01	13	7	

6250	7.088000e-08	1.209456e+01	13	6	

6300	8.031746e-08	1.211127e+01	13	6	

6350	7.385827e-08	1.210205e+01	13	7	

6400	7.546875e-08	1.211109e+01	13	5	

6450	7.813953e-08	1.210589e+01	13	5	

6500	7.569231e-08	1.213738e+01	13	6	

6550	9.343511e-08	1.212718e+01	13	7	

6600	7.621212e-08	1.214152e+01	13	6	

6650	7.127820e-08	1.212165e+01	13	6	

6700	8.179104e-08	1.215134e+01	13	7	

6750	7.200000e-08	1.213926e+01	13	7	

6800	8.441176e-08	1.212176e+01	13	7	

6850	7.562044e-08	1.213212e+01	13	6	

6900	8.231884e-08	1.213203e+01	13	6	

6950	7.841727e-08	1.214878e+01	13	5	

7000	9.357143e-08	1.212414e+01	13	6	

7050	8.368794e-08	1.212723e+01	13	6	

7100	9.042254e-08	1.213056e+01	13	5	

7150	7.342657e-08	1.213678e+01	13	7	

7200	7.902778e-08	1.221319e+01	13	7	

7250	8.137931e-08	1.221255e+01	13	6	

7300	7.863014e-08	1.219932e+01	13	5	

7350	8.612245e-08	1.220082e+01	13	6	

7400	7.513514e-08	1.220216e+01	13	6	

7450	8.335570e-08	1.220376e+01	13	6	

7500	8.200000e-08	1.221493e+01	13	6	

7550	8.344371e-08	1.220384e+01	13	6	

7600	7.157895e-08	1.220526e+01	13	7	

7650	8.313725e-08	1.220170e+01	13	7	

7700	7.220779e-08	1.222351e+01	13	7	

7750	9.019355e-08	1.220065e+01	13	7	

7800	7.230769e-08	1.221936e+01	13	5	

7850	8.433121e-08	1.221682e+01	13	6	

7900	7.177215e-08	1.223949e+01	13	7	

7950	7.207547e-08	1.221358e+01	13	6	

8000	8.087500e-08	1.224800e+01	13	6	

8050	7.900621e-08	1.221093e+01	13	7	

8100	7.654321e-08	1.222296e+01	13	6	

8150	7.607362e-08	1.223264e+01	13	8	

8200	8.707317e-08	1.245073e+01	13	6	

8250	8.484848e-08	1.243879e+01	13	7	

8300	8.686747e-08	1.243988e+01	14	7	

8350	7.281437e-08	1.243772e+01	14	7	

8400	7.238095e-08	1.242226e+01	14	6	

8450	7.869822e-08	1.245314e+01	14	7	

8500	7.882353e-08	1.244118e+01	14	6	

8550	7.204678e-08	1.243099e+01	14	7	

8600	8.906977e-08	1.243407e+01	14	7	

8650	7.260116e-08	1.243584e+01	14	7	

8700	7.206897e-08	1.242471e+01	14	7	

8750	7.245714e-08	1.244651e+01	14	7	

8800	7.454545e-08	1.244295e+01	14	7	

8850	7.559322e-08	1.245514e+01	14	7	

8900	7.764045e-08	1.244584e+01	14	6	

8950	8.793296e-08	1.244670e+01	14	7	

9000	7.800000e-08	1.245756e+01	14	6	

9050	7.270718e-08	1.245370e+01	14	5	

9100	7.263736e-08	1.244352e+01	14	7	

9150	7.715847e-08	1.245115e+01	14	7	

9200	8.576087e-08	1.245185e+01	14	5	

9250	7.827027e-08	1.249384e+01	14	7	

9300	7.279570e-08	1.246839e+01	14	6	

9350	7.668449e-08	1.248802e+01	14	5	

9400	8.393617e-08	1.247904e+01	14	5	

9450	7.291005e-08	1.248254e+01	14	6	

9500	7.294737e-08	1.247789e+01	14	4	

9550	7.842932e-08	1.248890e+01	14	6	

9600	7.645833e-08	1.248896e+01	14	6	

9650	7.761658e-08	1.247161e+01	14	7	

9700	7.773196e-08	1.249835e+01	14	6	

9750	9.005128e-08	1.249231e+01	14	7	

9800	7.693878e-08	1.249592e+01	14	6	

9850	7.238579e-08	1.249574e+01	14	6	

9900	8.070707e-08	1.250899e+01	14	6	

9950	8.512563e-08	1.249397e+01	14	7	

10000	1.036000e-07	1.249940e+01	14	6	
