Size	 Time	 Avg.	 Max.	 Min.	 
1000	6.501110e-08	9.225210e+00	10	1	

1050	6.730771e-08	9.434471e+00	11	1	

1100	6.427945e-08	9.447146e+00	11	1	

1150	6.239626e-08	9.452893e+00	11	1	

1200	6.305717e-08	9.489865e+00	11	1	

1250	6.598824e-08	9.504475e+00	11	1	

1300	6.871392e-08	9.631834e+00	11	1	

1350	6.841881e-08	9.639606e+00	11	1	

1400	6.400750e-08	9.642684e+00	11	1	

1450	6.495338e-08	9.675498e+00	11	1	

1500	6.504373e-08	9.685284e+00	11	1	

1550	6.926981e-08	1.011031e+01	11	1	

1600	6.860606e-08	1.011462e+01	11	1	

1650	6.768727e-08	1.011669e+01	11	1	

1700	6.733535e-08	1.012962e+01	11	1	

1750	6.690937e-08	1.013432e+01	11	1	

1800	6.912200e-08	1.020085e+01	11	1	

1850	7.033589e-08	1.020205e+01	11	1	

1900	7.066642e-08	1.020545e+01	11	1	

1950	6.823513e-08	1.022044e+01	11	1	

2000	6.990290e-08	1.022495e+01	11	1	

2050	6.825322e-08	1.043353e+01	12	1	

2100	6.806019e-08	1.043402e+01	12	1	

2150	7.093730e-08	1.043731e+01	12	1	

2200	6.855123e-08	1.044645e+01	12	1	

2250	6.763964e-08	1.045078e+01	12	1	

2300	7.321757e-08	1.045256e+01	12	1	

2350	6.756098e-08	1.048611e+01	12	1	

2400	6.941125e-08	1.048916e+01	12	1	

2450	7.152224e-08	1.050033e+01	12	1	

2500	6.729840e-08	1.050480e+01	12	1	

2550	7.184435e-08	1.050579e+01	12	1	

2600	6.857023e-08	1.063153e+01	12	1	

2650	7.305177e-08	1.063312e+01	12	1	

2700	7.024670e-08	1.063922e+01	12	1	

2750	7.029265e-08	1.063989e+01	12	1	

2800	7.308771e-08	1.064275e+01	12	1	

2850	7.079193e-08	1.067417e+01	12	1	

2900	7.282828e-08	1.067583e+01	12	1	

2950	7.177200e-08	1.068455e+01	12	1	

3000	7.376533e-08	1.068498e+01	12	1	

3050	7.126187e-08	1.068777e+01	12	1	

3100	7.447100e-08	1.111061e+01	12	1	

3150	7.289451e-08	1.111129e+01	12	1	

3200	7.387350e-08	1.111457e+01	12	1	

3250	7.401794e-08	1.111484e+01	12	1	

3300	7.441433e-08	1.111638e+01	12	1	

3350	7.196728e-08	1.112891e+01	12	1	

3400	7.462524e-08	1.112985e+01	12	1	

3450	7.550241e-08	1.113024e+01	12	1	

3500	7.496066e-08	1.113469e+01	12	1	

3550	7.606023e-08	1.113597e+01	12	1	

3600	7.247383e-08	1.120102e+01	12	1	

3650	7.594482e-08	1.120145e+01	12	1	

3700	7.515546e-08	1.120201e+01	12	1	

3750	7.288075e-08	1.120432e+01	12	1	

3800	7.682932e-08	1.120523e+01	12	1	

3850	7.376062e-08	1.122002e+01	12	1	

3900	7.260100e-08	1.122028e+01	12	1	

3950	7.727400e-08	1.122128e+01	12	1	

4000	7.489493e-08	1.122457e+01	12	1	

4050	7.206627e-08	1.122599e+01	12	1	

4100	7.406822e-08	1.143286e+01	13	1	

4150	7.706800e-08	1.143309e+01	13	1	

4200	7.326605e-08	1.143387e+01	13	1	

4250	7.319275e-08	1.143602e+01	13	1	

4300	7.564716e-08	1.143713e+01	13	1	

4350	7.663464e-08	1.143769e+01	13	1	

4400	7.472166e-08	1.144638e+01	13	1	

4450	7.279596e-08	1.144729e+01	13	1	

4500	7.506356e-08	1.145042e+01	13	1	

4550	7.520822e-08	1.145167e+01	13	1	

4600	7.523548e-08	1.145223e+01	13	1	

4650	7.469297e-08	1.148566e+01	13	1	

4700	7.637226e-08	1.148601e+01	13	1	

4750	7.370057e-08	1.148801e+01	13	1	

4800	7.417625e-08	1.148897e+01	13	1	

4850	7.618734e-08	1.148962e+01	13	1	

4900	7.637298e-08	1.150029e+01	13	1	

4950	7.613152e-08	1.150084e+01	13	1	

5000	7.407216e-08	1.150445e+01	13	1	

5050	7.526301e-08	1.150456e+01	13	1	

5100	7.398708e-08	1.150572e+01	13	1	

5150	8.016367e-08	1.163107e+01	13	1	

5200	8.478771e-08	1.163149e+01	13	1	

5250	7.679368e-08	1.163278e+01	13	1	

5300	7.666453e-08	1.163281e+01	13	1	

5350	7.838656e-08	1.163348e+01	13	1	

5400	7.714043e-08	1.163891e+01	13	1	

5450	7.775231e-08	1.163957e+01	13	1	

5500	7.812351e-08	1.163971e+01	13	1	

5550	7.786506e-08	1.164194e+01	13	1	

5600	7.801654e-08	1.164278e+01	13	1	

5650	7.832938e-08	1.167364e+01	13	1	

5700	7.754874e-08	1.167417e+01	13	1	

5750	7.796913e-08	1.167412e+01	13	1	

5800	7.753652e-08	1.167544e+01	13	1	

5850	7.724903e-08	1.167582e+01	13	1	

5900	7.861398e-08	1.168437e+01	13	1	

5950	7.623427e-08	1.168438e+01	13	1	

6000	7.806125e-08	1.168484e+01	13	1	

6050	8.089595e-08	1.168698e+01	13	1	

6100	8.384570e-08	1.168767e+01	13	1	

6150	8.467176e-08	1.211036e+01	13	1	

6200	8.366153e-08	1.211051e+01	13	1	

6250	8.308290e-08	1.211053e+01	13	1	

6300	8.388505e-08	1.211139e+01	13	1	

6350	8.402039e-08	1.211159e+01	13	1	

6400	8.407231e-08	1.211480e+01	13	1	

6450	8.384333e-08	1.211478e+01	13	1	

6500	8.358388e-08	1.211490e+01	13	1	

6550	8.199835e-08	1.211592e+01	13	1	

6600	7.909002e-08	1.211636e+01	13	1	

6650	7.862379e-08	1.211671e+01	13	1	

6700	7.927706e-08	1.212886e+01	13	1	

6750	7.907037e-08	1.212907e+01	13	1	

6800	7.963125e-08	1.212984e+01	13	1	

6850	7.975733e-08	1.213021e+01	13	1	

6900	7.955233e-08	1.213030e+01	13	1	

6950	7.871570e-08	1.213424e+01	13	1	

7000	7.930300e-08	1.213452e+01	13	1	

7050	8.508182e-08	1.213567e+01	13	1	

7100	8.514437e-08	1.213580e+01	13	1	

7150	8.449505e-08	1.213621e+01	13	1	

7200	8.389551e-08	1.220098e+01	13	1	

7250	7.954479e-08	1.220092e+01	13	1	

7300	7.840984e-08	1.220159e+01	13	1	

7350	7.824656e-08	1.220140e+01	13	1	

7400	7.953147e-08	1.220198e+01	13	1	

7450	8.014707e-08	1.220398e+01	13	1	

7500	7.928663e-08	1.220434e+01	13	1	

7550	8.015097e-08	1.220430e+01	13	1	

7600	7.902039e-08	1.220500e+01	13	1	

7650	7.978886e-08	1.220563e+01	13	1	

7700	7.972916e-08	1.222025e+01	13	1	

7750	7.908475e-08	1.222033e+01	13	1	

7800	7.997267e-08	1.222041e+01	13	1	

7850	7.950884e-08	1.222080e+01	13	1	

7900	7.941832e-08	1.222114e+01	13	1	

7950	8.053654e-08	1.222455e+01	13	1	

8000	7.913076e-08	1.222475e+01	13	1	

8050	8.014593e-08	1.222485e+01	13	1	

8100	8.036788e-08	1.222587e+01	13	1	

8150	8.044249e-08	1.222613e+01	13	1	

8200	8.103220e-08	1.243270e+01	14	1	

8250	8.075828e-08	1.243261e+01	14	1	

8300	8.030022e-08	1.243289e+01	14	2	

8350	8.229111e-08	1.243358e+01	14	1	

8400	8.128305e-08	1.243379e+01	14	1	

8450	8.053398e-08	1.243591e+01	14	1	

8500	8.049638e-08	1.243603e+01	14	1	

8550	8.051927e-08	1.243629e+01	14	1	

8600	8.058901e-08	1.243709e+01	14	1	

8650	8.114369e-08	1.243767e+01	14	1	

8700	8.104400e-08	1.243764e+01	14	1	

8750	8.002406e-08	1.244610e+01	14	1	

8800	8.164493e-08	1.244622e+01	14	1	

8850	8.042609e-08	1.244678e+01	14	1	

8900	7.969802e-08	1.244702e+01	14	1	

8950	7.986365e-08	1.244725e+01	14	1	

9000	8.160211e-08	1.245029e+01	14	1	

9050	8.050625e-08	1.245052e+01	14	1	

9100	8.011501e-08	1.245165e+01	14	1	

9150	8.156443e-08	1.245192e+01	14	1	

9200	7.921720e-08	1.245223e+01	14	1	

9250	8.035842e-08	1.248521e+01	14	1	

9300	8.106028e-08	1.248549e+01	14	1	

9350	7.945471e-08	1.248592e+01	14	1	

9400	8.172695e-08	1.248601e+01	14	1	

9450	8.051091e-08	1.248605e+01	14	1	

9500	8.019146e-08	1.248801e+01	14	1	

9550	8.089926e-08	1.248825e+01	14	1	

9600	7.959394e-08	1.248914e+01	14	1	

9650	8.127846e-08	1.248903e+01	14	1	

9700	7.946499e-08	1.248924e+01	14	1	

9750	7.985308e-08	1.250024e+01	14	1	

9800	8.152897e-08	1.250025e+01	14	1	

9850	7.958955e-08	1.250018e+01	14	1	

9900	8.084204e-08	1.250092e+01	14	1	

9950	8.147025e-08	1.250089e+01	14	1	

10000	7.944552e-08	1.250425e+01	14	1	
