Size	 Time	 Avg.	 Max.	 Min.	 
1000	8.179000e-08	9.223880e+00	10	3	

1050	8.114286e-08	9.434714e+00	11	2	

1100	7.626364e-08	9.448973e+00	11	1	

1150	7.630435e-08	9.452722e+00	11	1	

1200	7.664167e-08	9.490842e+00	11	2	

1250	7.486400e-08	9.503896e+00	11	2	

1300	7.600000e-08	9.631838e+00	11	2	

1350	6.966667e-08	9.640333e+00	11	2	

1400	6.903571e-08	9.646693e+00	11	2	

1450	6.664138e-08	9.673110e+00	11	2	

1500	6.554000e-08	9.686447e+00	11	1	

1550	6.518710e-08	1.010883e+01	11	2	

1600	6.505000e-08	1.011531e+01	11	1	

1650	6.521818e-08	1.011781e+01	11	3	

1700	6.639412e-08	1.013478e+01	11	1	

1750	6.830857e-08	1.013445e+01	11	2	

1800	6.572222e-08	1.020139e+01	11	3	

1850	6.529189e-08	1.019956e+01	11	2	

1900	6.495789e-08	1.020935e+01	11	2	

1950	6.576923e-08	1.022137e+01	11	1	

2000	6.602500e-08	1.022132e+01	11	2	

2050	6.809756e-08	1.042805e+01	11	3	

2100	6.510000e-08	1.043354e+01	12	3	

2150	6.520465e-08	1.043673e+01	12	1	

2200	6.600455e-08	1.044515e+01	12	3	

2250	6.648000e-08	1.045047e+01	12	3	

2300	6.613913e-08	1.045445e+01	12	1	

2350	6.588936e-08	1.048523e+01	12	3	

2400	6.650417e-08	1.048875e+01	12	2	

2450	6.666939e-08	1.050196e+01	12	3	

2500	6.627600e-08	1.050536e+01	12	2	

2550	8.349020e-08	1.050316e+01	12	3	

2600	7.251923e-08	1.062918e+01	12	3	

2650	7.135094e-08	1.062776e+01	12	2	

2700	7.689630e-08	1.063813e+01	12	2	

2750	7.202545e-08	1.063925e+01	12	2	

2800	7.245357e-08	1.064131e+01	12	2	

2850	7.363158e-08	1.067572e+01	12	2	

2900	7.286552e-08	1.067449e+01	12	3	

2950	7.306780e-08	1.068404e+01	12	3	

3000	7.095667e-08	1.068455e+01	12	2	

3050	7.207213e-08	1.068532e+01	12	2	

3100	7.410645e-08	1.110919e+01	12	2	

3150	7.543492e-08	1.111048e+01	12	2	

3200	7.602813e-08	1.111563e+01	12	2	

3250	7.563385e-08	1.111538e+01	12	2	

3300	8.101515e-08	1.111510e+01	12	3	

3350	7.822985e-08	1.112781e+01	12	3	

3400	7.538824e-08	1.112797e+01	12	3	

3450	7.531304e-08	1.112604e+01	12	3	

3500	7.298857e-08	1.113613e+01	12	1	

3550	7.298310e-08	1.113396e+01	12	2	

3600	7.331389e-08	1.120153e+01	12	3	

3650	7.598082e-08	1.120381e+01	12	2	

3700	7.530270e-08	1.120197e+01	12	3	

3750	7.646133e-08	1.120424e+01	12	2	

3800	7.553947e-08	1.120389e+01	12	1	

3850	7.327013e-08	1.121955e+01	12	2	

3900	8.038974e-08	1.121795e+01	12	3	

3950	7.524051e-08	1.121995e+01	12	3	

4000	7.585250e-08	1.122556e+01	12	2	

4050	7.474568e-08	1.122414e+01	12	3	

4100	7.644146e-08	1.143181e+01	12	2	

4150	7.580482e-08	1.143299e+01	13	2	

4200	7.557857e-08	1.143495e+01	13	2	

4250	7.590118e-08	1.143652e+01	13	3	

4300	7.748605e-08	1.143683e+01	13	3	

4350	8.851264e-08	1.143834e+01	13	4	

4400	7.486591e-08	1.144754e+01	13	2	

4450	7.579101e-08	1.144753e+01	13	3	

4500	7.718000e-08	1.145050e+01	13	2	

4550	7.722857e-08	1.145091e+01	13	3	

4600	7.331739e-08	1.145256e+01	13	2	

4650	7.537204e-08	1.148636e+01	13	4	

4700	7.656170e-08	1.148579e+01	13	3	

4750	7.745053e-08	1.148832e+01	13	2	

4800	7.511042e-08	1.148863e+01	13	4	

4850	7.629278e-08	1.149074e+01	13	2	

4900	7.541429e-08	1.149887e+01	13	2	

4950	7.373939e-08	1.150013e+01	13	3	

5000	7.609600e-08	1.150826e+01	13	3	

5050	7.790297e-08	1.150239e+01	13	3	

5100	7.968824e-08	1.150600e+01	13	4	

5150	7.762136e-08	1.162992e+01	13	3	

5200	7.778269e-08	1.163133e+01	13	3	

5250	7.948952e-08	1.163197e+01	13	3	

5300	7.738113e-08	1.163289e+01	13	4	

5350	8.030841e-08	1.163399e+01	13	3	

5400	7.784815e-08	1.163975e+01	13	2	

5450	7.690275e-08	1.163892e+01	13	3	

5500	7.990909e-08	1.164023e+01	13	3	

5550	7.769910e-08	1.164077e+01	13	4	

5600	7.937321e-08	1.164507e+01	13	3	

5650	7.936283e-08	1.167382e+01	13	1	

5700	7.600877e-08	1.167520e+01	13	3	

5750	7.254783e-08	1.167171e+01	13	2	

5800	7.306034e-08	1.167583e+01	13	2	

5850	7.375556e-08	1.167551e+01	13	3	

5900	7.374407e-08	1.168314e+01	13	2	

5950	7.358655e-08	1.168398e+01	13	3	

6000	7.313000e-08	1.168331e+01	13	4	

6050	7.353388e-08	1.168786e+01	13	3	

6100	7.297213e-08	1.168826e+01	13	4	

6150	7.484878e-08	1.211042e+01	13	2	

6200	7.518710e-08	1.210853e+01	13	1	

6250	7.461280e-08	1.211099e+01	13	4	

6300	7.426667e-08	1.211314e+01	13	4	

6350	7.540630e-08	1.211255e+01	13	2	

6400	7.689688e-08	1.211286e+01	13	2	

6450	7.555659e-08	1.211389e+01	13	2	

6500	7.640000e-08	1.211433e+01	13	3	

6550	7.479389e-08	1.211709e+01	13	3	

6600	7.523030e-08	1.211684e+01	13	1	

6650	7.487669e-08	1.211703e+01	13	3	

6700	7.454627e-08	1.212805e+01	13	3	

6750	7.528000e-08	1.212898e+01	13	3	

6800	7.482059e-08	1.212949e+01	13	3	

6850	7.462336e-08	1.212938e+01	13	3	

6900	7.532319e-08	1.212870e+01	13	2	

6950	8.067482e-08	1.213343e+01	13	1	

7000	7.499000e-08	1.213456e+01	13	4	

7050	7.595035e-08	1.213475e+01	13	4	

7100	7.587606e-08	1.213684e+01	13	3	

7150	7.558182e-08	1.213570e+01	13	2	

7200	7.546528e-08	1.220104e+01	13	3	

7250	7.588276e-08	1.219987e+01	13	3	

7300	7.974110e-08	1.220321e+01	13	2	

7350	8.040680e-08	1.220142e+01	13	4	

7400	8.076216e-08	1.220167e+01	13	3	

7450	8.522148e-08	1.220381e+01	13	3	

7500	8.068267e-08	1.220258e+01	13	3	

7550	8.137351e-08	1.220571e+01	13	2	

7600	8.248947e-08	1.220591e+01	13	4	

7650	8.148235e-08	1.220594e+01	13	3	

7700	8.016234e-08	1.222113e+01	13	3	

7750	7.835742e-08	1.221943e+01	13	3	

7800	8.739872e-08	1.221958e+01	13	3	

7850	8.094140e-08	1.222140e+01	13	4	

7900	8.120886e-08	1.222185e+01	13	3	

7950	8.131321e-08	1.222477e+01	13	3	

8000	8.291000e-08	1.222413e+01	13	4	

8050	7.913540e-08	1.222472e+01	13	3	

8100	8.181975e-08	1.222544e+01	13	3	

8150	7.990675e-08	1.222566e+01	13	4	

8200	8.173780e-08	1.243341e+01	14	4	

8250	8.955394e-08	1.243394e+01	14	2	

8300	8.251084e-08	1.243218e+01	14	4	

8350	8.024072e-08	1.243346e+01	14	4	

8400	8.134286e-08	1.243400e+01	14	3	

8450	7.847929e-08	1.243543e+01	14	1	

8500	8.047765e-08	1.243508e+01	14	4	

8550	7.698713e-08	1.243539e+01	14	3	

8600	7.871279e-08	1.243871e+01	14	1	

8650	8.080925e-08	1.243838e+01	14	2	

8700	8.097471e-08	1.243766e+01	14	3	

8750	8.597829e-08	1.244543e+01	14	4	

8800	8.991136e-08	1.244630e+01	14	5	

8850	8.465876e-08	1.244829e+01	14	3	

8900	8.267640e-08	1.244809e+01	14	4	

8950	8.146927e-08	1.244663e+01	14	3	

9000	7.986444e-08	1.245084e+01	14	2	

9050	8.133370e-08	1.245097e+01	14	3	

9100	7.907253e-08	1.245046e+01	14	3	

9150	7.840219e-08	1.245089e+01	14	2	

9200	8.086957e-08	1.245170e+01	14	4	

9250	7.737405e-08	1.248465e+01	14	3	

9300	7.744731e-08	1.248462e+01	14	2	

9350	7.818717e-08	1.248641e+01	14	3	

9400	8.009681e-08	1.248662e+01	14	3	

9450	8.336720e-08	1.248636e+01	14	4	

9500	8.123684e-08	1.248883e+01	14	3	

9550	8.687016e-08	1.248797e+01	14	2	

9600	8.287500e-08	1.248765e+01	14	4	

9650	8.666010e-08	1.249046e+01	14	3	

9700	8.204742e-08	1.248975e+01	14	3	

9750	8.305026e-08	1.250060e+01	14	4	

9800	8.271224e-08	1.249963e+01	14	4	

9850	8.402437e-08	1.249875e+01	14	4	

9900	8.117778e-08	1.250146e+01	14	2	

9950	8.171658e-08	1.250081e+01	14	3	

10000	8.556600e-08	1.250431e+01	14	2	
