Size	 Time	 Avg.	 Max.	 Min.	 
1000	2.236200e-07	6.087992e+01	999	1	

1050	1.733048e-07	4.673352e+01	1050	1	

1100	2.045727e-07	5.948407e+01	1099	1	

1150	2.081217e-07	6.901553e+01	1150	1	

1200	1.651667e-07	5.834514e+01	1200	1	

1250	2.293040e-07	7.156358e+01	1250	1	

1300	2.033231e-07	7.180898e+01	1300	1	

1350	1.878444e-07	6.792329e+01	1349	1	

1400	1.772357e-07	6.118941e+01	1398	1	

1450	2.317655e-07	8.492940e+01	1447	1	

1500	2.333800e-07	8.587067e+01	1499	1	

1550	2.049226e-07	7.468063e+01	1547	1	

1600	2.195875e-07	8.046814e+01	1594	1	

1650	2.207152e-07	8.018531e+01	1647	1	

1700	2.789118e-07	1.029351e+02	1700	1	

1750	2.860571e-07	1.039575e+02	1749	1	

1800	2.420889e-07	8.687268e+01	1796	1	

1850	2.435459e-07	8.893793e+01	1850	1	

1900	2.918789e-07	1.073317e+02	1900	1	

1950	2.376667e-07	8.632931e+01	1949	1	

2000	2.813800e-07	1.025714e+02	2000	1	

2050	2.547707e-07	9.291803e+01	2050	1	

2100	3.463810e-07	1.279176e+02	2098	1	

2150	3.306372e-07	1.217969e+02	2148	1	

2200	3.395909e-07	1.250840e+02	2196	1	

2250	3.245378e-07	1.183073e+02	2250	1	

2300	3.704783e-07	1.367179e+02	2299	1	

2350	3.234979e-07	1.190364e+02	2348	1	

2400	3.010333e-07	1.097284e+02	2399	1	

2450	3.377673e-07	1.097326e+02	2446	1	

2500	4.104400e-07	1.518018e+02	2500	1	

2550	3.650510e-07	1.343483e+02	2546	1	

2600	3.684692e-07	1.340690e+02	2598	1	

2650	4.016151e-07	1.480447e+02	2650	1	

2700	4.060630e-07	1.499958e+02	2700	1	

2750	3.767745e-07	1.383564e+02	2748	1	

2800	4.029286e-07	1.487021e+02	2800	1	

2850	4.584737e-07	1.688546e+02	2848	1	

2900	4.301793e-07	1.588585e+02	2890	1	

2950	4.614712e-07	1.705745e+02	2950	1	

3000	3.719500e-07	1.355746e+02	2997	1	

3050	3.949082e-07	1.455290e+02	3049	1	

3100	4.626774e-07	1.699892e+02	3100	1	

3150	4.610540e-07	1.710946e+02	3146	1	

3200	4.765094e-07	1.760513e+02	3198	1	

3250	4.860831e-07	1.798745e+02	3250	1	

3300	5.537818e-07	2.045923e+02	3300	1	

3350	4.448567e-07	1.632394e+02	3350	1	

3400	4.595206e-07	1.685361e+02	3397	1	

3450	4.811391e-07	1.759680e+02	3447	1	

3500	4.717314e-07	1.733838e+02	3500	1	

3550	5.118507e-07	1.889221e+02	3549	1	

3600	4.714194e-07	1.735584e+02	3589	1	

3650	5.355699e-07	1.977425e+02	3650	1	

3700	4.998865e-07	1.837512e+02	3695	1	

3750	5.667493e-07	2.064086e+02	3748	1	

3800	5.367500e-07	1.968543e+02	3799	1	

3850	5.364727e-07	2.000944e+02	3849	1	

3900	5.142949e-07	1.888797e+02	3898	1	

3950	5.353747e-07	1.973144e+02	3948	1	

4000	6.829425e-07	2.537691e+02	4000	1	

4050	5.819481e-07	2.136139e+02	4040	1	

4100	6.636683e-07	2.456386e+02	4093	1	

4150	6.587494e-07	2.442180e+02	4149	1	

4200	7.058810e-07	2.606648e+02	4200	1	

4250	6.985106e-07	2.584912e+02	4249	1	

4300	6.283558e-07	2.304062e+02	4300	1	

4350	5.363034e-07	1.956531e+02	4350	1	

4400	5.301841e-07	1.938502e+02	4397	1	

4450	6.806719e-07	2.507908e+02	4449	1	

4500	4.765311e-07	1.749637e+02	4500	1	

4550	6.441385e-07	2.382621e+02	4548	1	

4600	5.744152e-07	2.111392e+02	4599	1	

4650	6.483978e-07	2.398280e+02	4650	1	

4700	6.353426e-07	2.334853e+02	4684	1	

4750	6.753853e-07	2.491474e+02	4750	1	

4800	7.764604e-07	2.867995e+02	4798	1	

4850	6.602330e-07	2.442524e+02	4850	1	

4900	7.532673e-07	2.743585e+02	4900	1	

4950	6.545758e-07	2.413117e+02	4943	1	

5000	7.070480e-07	2.620632e+02	4992	1	

5050	6.872832e-07	2.531524e+02	5048	1	

5100	8.753529e-07	3.246133e+02	5100	1	

5150	9.313262e-07	3.387464e+02	5148	1	

5200	7.507558e-07	2.783777e+02	5200	1	

5250	6.776057e-07	2.499329e+02	5250	1	

5300	7.607906e-07	2.812593e+02	5294	1	

5350	8.393813e-07	3.111430e+02	5348	1	

5400	1.034102e-06	3.848782e+02	5390	1	

5450	8.961835e-07	3.316271e+02	5449	1	

5500	9.325164e-07	3.459431e+02	5499	1	

5550	8.707658e-07	3.229939e+02	5547	1	

5600	6.190089e-07	2.281158e+02	5600	1	

5650	8.086726e-07	2.976434e+02	5648	1	

5700	7.860246e-07	2.901262e+02	5700	1	

5750	8.643687e-07	3.208147e+02	5742	1	

5800	8.177966e-07	3.041541e+02	5800	1	

5850	8.873368e-07	3.280166e+02	5843	1	

5900	9.549441e-07	3.543277e+02	5899	1	

5950	9.615479e-07	3.573027e+02	5947	1	

6000	7.836833e-07	2.901153e+02	5993	1	

6050	8.426860e-07	3.132729e+02	6046	1	

6100	9.345754e-07	3.478761e+02	6098	1	

6150	9.565301e-07	3.539760e+02	6148	1	

6200	9.230790e-07	3.427689e+02	6198	1	

6250	8.272720e-07	3.069789e+02	6245	1	

6300	7.900508e-07	2.912444e+02	6289	1	

6350	9.967354e-07	3.700871e+02	6341	1	

6400	1.030786e-06	3.831474e+02	6392	1	

6450	9.001535e-07	3.301517e+02	6449	1	

6500	9.660538e-07	3.592354e+02	6495	1	

6550	9.060427e-07	3.345151e+02	6549	1	

6600	1.032295e-06	3.839071e+02	6600	1	

6650	1.151986e-06	4.298976e+02	6646	1	

6700	9.649910e-07	3.584152e+02	6697	1	

6750	9.931852e-07	3.689725e+02	6734	1	

6800	1.011994e-06	3.754578e+02	6799	1	

6850	8.648540e-07	3.213493e+02	6844	1	

6900	9.761391e-07	3.640920e+02	6891	1	

6950	9.966014e-07	3.708779e+02	6946	1	

7000	7.673171e-07	2.844581e+02	7000	1	

7050	1.028596e-06	3.832783e+02	7050	1	

7100	1.065961e-06	3.980699e+02	7097	1	

7150	1.130538e-06	4.215574e+02	7137	1	

7200	9.107250e-07	3.378367e+02	7196	1	

7250	7.347159e-07	2.712204e+02	7249	1	

7300	1.089781e-06	4.051137e+02	7300	1	

7350	9.692190e-07	3.608668e+02	7344	1	

7400	1.058524e-06	3.938939e+02	7394	1	

7450	7.474886e-07	2.755202e+02	7450	1	

7500	1.236413e-06	4.595799e+02	7500	1	

7550	9.568066e-07	3.568690e+02	7548	1	

7600	1.212230e-06	4.539102e+02	7598	1	

7650	1.040595e-06	3.857130e+02	7649	1	

7700	1.252821e-06	4.674298e+02	7691	1	

7750	1.034472e-06	3.862853e+02	7746	1	

7800	9.548487e-07	3.559539e+02	7791	1	

7850	1.051414e-06	3.926898e+02	7843	1	

7900	9.101101e-07	3.373932e+02	7897	1	

7950	1.202933e-06	4.510557e+02	7946	1	

8000	1.447560e-06	5.394208e+02	7993	1	

8050	1.287932e-06	4.821936e+02	8039	1	

8100	1.140116e-06	4.270169e+02	8099	1	

8150	1.206782e-06	4.515062e+02	8143	1	

8200	1.253495e-06	4.715923e+02	8198	1	

8250	1.083284e-06	4.052511e+02	8243	1	

8300	1.185249e-06	4.407616e+02	8297	1	

8350	1.018020e-06	3.759812e+02	8345	1	

8400	1.206046e-06	4.526092e+02	8398	1	

8450	1.228573e-06	4.597996e+02	8449	1	

8500	1.099166e-06	4.096536e+02	8497	1	

8550	1.276073e-06	4.781799e+02	8543	1	

8600	1.247690e-06	4.692485e+02	8598	1	

8650	1.224267e-06	4.608546e+02	8638	1	

8700	1.268011e-06	4.777035e+02	8699	1	

8750	1.325992e-06	4.976512e+02	8750	1	

8800	1.072868e-06	4.026228e+02	8790	1	

8850	1.219863e-06	4.564362e+02	8844	1	

8900	1.316503e-06	4.944863e+02	8877	1	

8950	1.371654e-06	5.166331e+02	8947	1	

9000	9.597222e-07	3.605529e+02	8996	1	

9050	1.108852e-06	4.131522e+02	9039	1	

9100	1.275859e-06	4.793306e+02	9096	1	

9150	1.224317e-06	4.583065e+02	9148	1	

9200	1.366397e-06	5.124955e+02	9197	1	

9250	1.292897e-06	4.888818e+02	9246	1	

9300	1.409776e-06	5.326638e+02	9294	1	

9350	1.514535e-06	5.704965e+02	9350	1	

9400	1.379745e-06	5.168369e+02	9396	1	

9450	1.302762e-06	4.898430e+02	9448	1	

9500	1.188681e-06	4.454293e+02	9495	1	

9550	1.217181e-06	4.571040e+02	9550	1	

9600	1.577784e-06	5.924892e+02	9599	1	

9650	1.673012e-06	6.338719e+02	9643	1	

9700	1.322715e-06	5.013385e+02	9685	1	

9750	1.397139e-06	5.270590e+02	9736	1	

9800	1.544548e-06	5.835938e+02	9791	1	

9850	1.317517e-06	4.947274e+02	9849	1	

9900	1.225318e-06	4.656883e+02	9897	1	

9950	1.746892e-06	6.576318e+02	9950	1	

10000	1.493242e-06	5.588157e+02	10000	1	
