Size	 Time	 Avg.	 Max.	 Min.	 
1000	4.011000e-06	5.005000e+02	1000	1	

1050	1.768571e-06	5.255000e+02	1050	1	

1100	1.847273e-06	5.505000e+02	1100	1	

1150	2.019130e-06	5.755000e+02	1150	1	

1200	2.048333e-06	6.005000e+02	1200	1	

1250	2.126400e-06	6.255000e+02	1250	1	

1300	2.202308e-06	6.505000e+02	1300	1	

1350	2.280000e-06	6.755000e+02	1350	1	

1400	2.340000e-06	7.005000e+02	1400	1	

1450	2.363448e-06	7.255000e+02	1450	1	

1500	2.476667e-06	7.505000e+02	1500	1	

1550	2.533548e-06	7.755000e+02	1550	1	

1600	2.646875e-06	8.005000e+02	1600	1	

1650	2.720606e-06	8.255000e+02	1650	1	

1700	2.775882e-06	8.505000e+02	1700	1	

1750	2.877143e-06	8.755000e+02	1750	1	

1800	2.978889e-06	9.005000e+02	1800	1	

1850	3.068649e-06	9.255000e+02	1850	1	

1900	3.145263e-06	9.505000e+02	1900	1	

1950	3.083590e-06	9.755000e+02	1950	1	

2000	3.057500e-06	1.000500e+03	2000	1	

2050	3.014146e-06	1.025500e+03	2050	1	

2100	3.066667e-06	1.050500e+03	2100	1	

2150	3.073953e-06	1.075500e+03	2150	1	

2200	2.981364e-06	1.100500e+03	2200	1	

2250	2.988889e-06	1.125500e+03	2250	1	

2300	3.000435e-06	1.150500e+03	2300	1	

2350	3.035745e-06	1.175500e+03	2350	1	

2400	3.140417e-06	1.200500e+03	2400	1	

2450	3.179184e-06	1.225500e+03	2450	1	

2500	3.230400e-06	1.250500e+03	2500	1	

2550	3.318824e-06	1.275500e+03	2550	1	

2600	3.374615e-06	1.300500e+03	2600	1	

2650	3.826792e-06	1.325500e+03	2650	1	

2700	3.782963e-06	1.350500e+03	2700	1	

2750	3.888727e-06	1.375500e+03	2750	1	

2800	3.932500e-06	1.400500e+03	2800	1	

2850	4.084211e-06	1.425500e+03	2850	1	

2900	3.881379e-06	1.450500e+03	2900	1	

2950	4.042712e-06	1.475500e+03	2950	1	

3000	3.920333e-06	1.500500e+03	3000	1	

3050	4.034754e-06	1.525500e+03	3050	1	

3100	4.027742e-06	1.550500e+03	3100	1	

3150	4.120952e-06	1.575500e+03	3150	1	

3200	4.210625e-06	1.600500e+03	3200	1	

3250	4.230154e-06	1.625500e+03	3250	1	

3300	4.318485e-06	1.650500e+03	3300	1	

3350	4.391642e-06	1.675500e+03	3350	1	

3400	4.447941e-06	1.700500e+03	3400	1	

3450	4.640290e-06	1.725500e+03	3450	1	

3500	4.598286e-06	1.750500e+03	3500	1	

3550	4.660563e-06	1.775500e+03	3550	1	

3600	4.690833e-06	1.800500e+03	3600	1	

3650	4.796986e-06	1.825500e+03	3650	1	

3700	4.912973e-06	1.850500e+03	3700	1	

3750	4.839733e-06	1.875500e+03	3750	1	

3800	4.861579e-06	1.900500e+03	3800	1	

3850	5.076104e-06	1.925500e+03	3850	1	

3900	5.170256e-06	1.950500e+03	3900	1	

3950	5.439241e-06	1.975500e+03	3950	1	

4000	5.563250e-06	2.000500e+03	4000	1	

4050	5.360000e-06	2.025500e+03	4050	1	

4100	5.398049e-06	2.050500e+03	4100	1	

4150	5.473253e-06	2.075500e+03	4150	1	

4200	5.525000e-06	2.100500e+03	4200	1	

4250	5.613176e-06	2.125500e+03	4250	1	

4300	5.653256e-06	2.150500e+03	4300	1	

4350	5.761839e-06	2.175500e+03	4350	1	

4400	5.864545e-06	2.200500e+03	4400	1	

4450	6.667191e-06	2.225500e+03	4450	1	

4500	6.829778e-06	2.250500e+03	4500	1	

4550	6.181978e-06	2.275500e+03	4550	1	

4600	6.119783e-06	2.300500e+03	4600	1	

4650	6.215914e-06	2.325500e+03	4650	1	

4700	6.287872e-06	2.350500e+03	4700	1	

4750	6.348000e-06	2.375500e+03	4750	1	

4800	6.407083e-06	2.400500e+03	4800	1	

4850	6.427010e-06	2.425500e+03	4850	1	

4900	6.489184e-06	2.450500e+03	4900	1	

4950	6.467677e-06	2.475500e+03	4950	1	

5000	6.623400e-06	2.500500e+03	5000	1	

5050	6.768713e-06	2.525500e+03	5050	1	

5100	6.828824e-06	2.550500e+03	5100	1	

5150	6.799417e-06	2.575500e+03	5150	1	

5200	6.910000e-06	2.600500e+03	5200	1	

5250	6.928381e-06	2.625500e+03	5250	1	

5300	7.005094e-06	2.650500e+03	5300	1	

5350	7.120935e-06	2.675500e+03	5350	1	

5400	7.135741e-06	2.700500e+03	5400	1	

5450	7.340550e-06	2.725500e+03	5450	1	

5500	7.237636e-06	2.750500e+03	5500	1	

5550	7.318378e-06	2.775500e+03	5550	1	

5600	7.318214e-06	2.800500e+03	5600	1	

5650	7.489912e-06	2.825500e+03	5650	1	

5700	7.540526e-06	2.850500e+03	5700	1	

5750	7.597739e-06	2.875500e+03	5750	1	

5800	7.781207e-06	2.900500e+03	5800	1	

5850	7.828547e-06	2.925500e+03	5850	1	

5900	7.814068e-06	2.950500e+03	5900	1	

5950	7.917815e-06	2.975500e+03	5950	1	

6000	7.966667e-06	3.000500e+03	6000	1	

6050	8.077025e-06	3.025500e+03	6050	1	

6100	8.222623e-06	3.050500e+03	6100	1	

6150	8.116260e-06	3.075500e+03	6150	1	

6200	8.194194e-06	3.100500e+03	6200	1	

6250	8.322880e-06	3.125500e+03	6250	1	

6300	8.341746e-06	3.150500e+03	6300	1	

6350	8.372598e-06	3.175500e+03	6350	1	

6400	8.440938e-06	3.200500e+03	6400	1	

6450	8.393488e-06	3.225500e+03	6450	1	

6500	8.526769e-06	3.250500e+03	6500	1	

6550	8.607176e-06	3.275500e+03	6550	1	

6600	8.807121e-06	3.300500e+03	6600	1	

6650	8.852030e-06	3.325500e+03	6650	1	

6700	9.665522e-06	3.350500e+03	6700	1	

6750	9.004593e-06	3.375500e+03	6750	1	

6800	9.019118e-06	3.400500e+03	6800	1	

6850	9.000584e-06	3.425500e+03	6850	1	

6900	9.164928e-06	3.450500e+03	6900	1	

6950	9.298417e-06	3.475500e+03	6950	1	

7000	9.323429e-06	3.500500e+03	7000	1	

7050	9.112340e-06	3.525500e+03	7050	1	

7100	9.381831e-06	3.550500e+03	7100	1	

7150	9.562657e-06	3.575500e+03	7150	1	

7200	9.516944e-06	3.600500e+03	7200	1	

7250	9.530759e-06	3.625500e+03	7250	1	

7300	9.619726e-06	3.650500e+03	7300	1	

7350	9.696463e-06	3.675500e+03	7350	1	

7400	9.776757e-06	3.700500e+03	7400	1	

7450	9.757852e-06	3.725500e+03	7450	1	

7500	1.002933e-05	3.750500e+03	7500	1	

7550	1.007470e-05	3.775500e+03	7550	1	

7600	9.871447e-06	3.800500e+03	7600	1	

7650	1.008680e-05	3.825500e+03	7650	1	

7700	1.015013e-05	3.850500e+03	7700	1	

7750	1.015368e-05	3.875500e+03	7750	1	

7800	1.027115e-05	3.900500e+03	7800	1	

7850	1.031873e-05	3.925500e+03	7850	1	

7900	1.042709e-05	3.950500e+03	7900	1	

7950	1.055321e-05	3.975500e+03	7950	1	

8000	1.061000e-05	4.000500e+03	8000	1	

8050	1.063752e-05	4.025500e+03	8050	1	

8100	1.068383e-05	4.050500e+03	8100	1	

8150	1.075055e-05	4.075500e+03	8150	1	

8200	1.079024e-05	4.100500e+03	8200	1	

8250	1.086509e-05	4.125500e+03	8250	1	

8300	1.114928e-05	4.150500e+03	8300	1	

8350	1.099269e-05	4.175500e+03	8350	1	

8400	1.102190e-05	4.200500e+03	8400	1	

8450	1.104331e-05	4.225500e+03	8450	1	

8500	1.109329e-05	4.250500e+03	8500	1	

8550	1.115860e-05	4.275500e+03	8550	1	

8600	1.132140e-05	4.300500e+03	8600	1	

8650	1.134069e-05	4.325500e+03	8650	1	

8700	1.133023e-05	4.350500e+03	8700	1	

8750	1.152743e-05	4.375500e+03	8750	1	

8800	1.143614e-05	4.400500e+03	8800	1	

8850	1.145017e-05	4.425500e+03	8850	1	

8900	1.154888e-05	4.450500e+03	8900	1	

8950	1.163330e-05	4.475500e+03	8950	1	

9000	1.167944e-05	4.500500e+03	9000	1	

9050	1.170122e-05	4.525500e+03	9050	1	

9100	1.176484e-05	4.550500e+03	9100	1	

9150	1.191257e-05	4.575500e+03	9150	1	

9200	1.208207e-05	4.600500e+03	9200	1	

9250	1.204476e-05	4.625500e+03	9250	1	

9300	1.203323e-05	4.650500e+03	9300	1	

9350	1.211882e-05	4.675500e+03	9350	1	

9400	1.217628e-05	4.700500e+03	9400	1	

9450	1.226878e-05	4.725500e+03	9450	1	

9500	1.233800e-05	4.750500e+03	9500	1	

9550	1.230251e-05	4.775500e+03	9550	1	

9600	1.229479e-05	4.800500e+03	9600	1	

9650	1.245917e-05	4.825500e+03	9650	1	

9700	1.248093e-05	4.850500e+03	9700	1	

9750	1.259518e-05	4.875500e+03	9750	1	

9800	1.262980e-05	4.900500e+03	9800	1	

9850	1.263695e-05	4.925500e+03	9850	1	

9900	1.271939e-05	4.950500e+03	9900	1	

9950	1.332151e-05	4.975500e+03	9950	1	

10000	1.275130e-05	5.000500e+03	10000	1	
