Size	 Time	 Avg.	 Max.	 Min.	 
1000	5.314320e-08	1.009940e+01	1000	1	

1100	5.384373e-08	1.070217e+01	1100	1	

1200	5.990950e-08	1.153787e+01	1200	1	

1300	6.189792e-08	1.239057e+01	1300	1	

1400	5.976293e-08	1.242276e+01	1400	1	

1500	6.321687e-08	1.309037e+01	1500	1	

1600	6.148400e-08	1.324330e+01	1600	1	

1700	6.528659e-08	1.415558e+01	1700	1	

1800	6.670972e-08	1.425953e+01	1800	1	

1900	7.035842e-08	1.515343e+01	1900	1	

2000	7.160250e-08	1.596832e+01	2000	1	

2100	7.277986e-08	1.632566e+01	2100	1	

2200	7.137559e-08	1.624420e+01	2200	1	

2300	7.527100e-08	1.736795e+01	2300	1	

2400	7.908438e-08	1.850820e+01	2400	1	

2500	7.780772e-08	1.855304e+01	2500	1	

2600	7.938962e-08	1.919782e+01	2600	1	

2700	7.881556e-08	1.911987e+01	2700	1	

2800	8.216521e-08	2.046531e+01	2800	1	

2900	8.202559e-08	2.044571e+01	2900	1	

3000	8.202273e-08	2.058752e+01	3000	1	

3100	8.453677e-08	2.130890e+01	3100	1	

3200	8.664831e-08	2.228310e+01	3200	1	

3300	8.528342e-08	2.191092e+01	3300	1	

3400	9.017782e-08	2.299311e+01	3400	1	

3500	9.285397e-08	2.368968e+01	3500	1	

3600	9.511614e-08	2.482375e+01	3600	1	

3700	9.322165e-08	2.456207e+01	3700	1	

3800	9.894332e-08	2.518712e+01	3800	1	

3900	1.060501e-07	2.613061e+01	3900	1	

4000	1.067818e-07	2.654938e+01	4000	1	

4100	9.973680e-08	2.623625e+01	4100	1	

4200	1.041577e-07	2.786123e+01	4200	1	

4300	1.030569e-07	2.748888e+01	4300	1	

4400	1.042763e-07	2.830565e+01	4400	1	

4500	1.074122e-07	2.912711e+01	4500	1	

4600	1.056428e-07	2.859016e+01	4600	1	

4700	1.139021e-07	3.105881e+01	4700	1	

4800	1.055038e-07	2.831907e+01	4800	1	

4900	1.083863e-07	2.937325e+01	4900	1	

5000	1.173698e-07	3.145386e+01	5000	1	

5100	1.139009e-07	3.136188e+01	5100	1	

5200	1.093340e-07	2.984367e+01	5200	1	

5300	1.161674e-07	3.222152e+01	5300	1	

5400	1.155974e-07	3.196644e+01	5400	1	

5500	1.266489e-07	3.589407e+01	5499	1	

5600	1.209874e-07	3.393622e+01	5599	1	

5700	1.286379e-07	3.670510e+01	5700	1	

5800	1.273900e-07	3.651857e+01	5800	1	

5900	1.319239e-07	-3.478882e+01	5900	1	

6000	1.305455e-07	-3.405034e+01	6000	1	

6100	1.316432e-07	-3.215031e+01	6100	1	

6200	1.288863e-07	-3.215886e+01	6200	1	

6300	1.344730e-07	-2.886702e+01	6300	1	

6400	1.309579e-07	-2.906101e+01	6400	1	

6500	1.365502e-07	-2.859058e+01	6500	1	

6600	1.484549e-07	-2.386132e+01	6600	1	

6700	1.413932e-07	-2.368124e+01	6700	1	

6800	1.396775e-07	-2.208003e+01	6800	1	

6900	1.432565e-07	-1.982242e+01	6900	1	

7000	1.434803e-07	-1.900653e+01	7000	1	

7100	1.439387e-07	-1.821599e+01	7100	1	

7200	1.440993e-07	-1.703627e+01	7199	1	

7300	1.423624e-07	-1.721747e+01	7300	1	

7400	1.566821e-07	-1.073594e+01	7400	1	

7500	1.530010e-07	-1.136530e+01	7500	1	

7600	1.514963e-07	-1.123037e+01	7600	1	

7700	1.583802e-07	-8.184226e+00	7700	1	

7800	1.559579e-07	-8.205644e+00	7800	1	

7900	1.662929e-07	-3.457315e+00	7900	1	

8000	1.567666e-07	-6.004239e+00	7999	1	

8100	1.592294e-07	-4.461137e+00	8100	1	

8200	1.576763e-07	-4.355512e+00	8200	1	

8300	1.606557e-07	-3.913052e+00	8300	1	

8400	1.662337e-07	-3.316105e+00	8400	1	

8500	1.666299e-07	-6.170897e-01	8500	1	

8600	1.710904e-07	3.049224e+00	8600	1	

8700	1.698103e-07	3.203065e+00	8700	1	

8800	1.760046e-07	6.032593e+00	8800	1	

8900	1.816221e-07	8.509634e+00	8900	1	

9000	1.684239e-07	4.485799e+00	9000	1	

9100	1.728050e-07	6.702927e+00	9100	1	

9200	1.821117e-07	8.033297e+00	9200	1	

9300	1.720316e-07	7.508256e+00	9300	1	

9400	1.772847e-07	1.039589e+01	9400	1	

9500	1.737560e-07	9.908843e+00	9500	1	

9600	1.806038e-07	1.333703e+01	9600	1	

9700	1.740949e-07	1.120648e+01	9700	1	

9800	1.762598e-07	1.243861e+01	9800	1	

9900	1.827508e-07	1.541051e+01	9900	1	

10000	1.920332e-07	1.895364e+01	10000	1	
