Size	 Time	 Avg.	 Max.	 Min.	 
1000	1.013000e-06	3.154680e+02	972	1	

1100	1.266364e-06	4.102664e+02	1081	7	

1200	1.897500e-06	6.016150e+02	1199	33	

1300	1.879231e-06	5.854569e+02	1292	94	

1400	2.233571e-06	6.886800e+02	1389	23	

1500	1.044000e-06	3.324247e+02	1471	1	

1600	1.910625e-06	6.138406e+02	1566	34	

1700	1.325882e-06	4.260359e+02	1691	1	

1800	3.080000e-06	9.441589e+02	1763	54	

1900	2.066842e-06	7.024558e+02	1900	34	

2000	2.352500e-06	7.802065e+02	1977	8	

2100	2.316667e-06	8.975310e+02	2049	31	

2200	2.965000e-06	1.068997e+03	2197	1	

2300	2.535652e-06	9.156635e+02	2293	1	

2400	3.955833e-06	1.390809e+03	2369	1	

2500	3.193600e-06	1.144746e+03	2476	1	

2600	2.182308e-06	7.827423e+02	2586	1	

2700	3.374074e-06	1.191750e+03	2670	1	

2800	1.947857e-06	6.937461e+02	2694	1	

2900	2.112414e-06	7.641103e+02	2866	1	

3000	3.999667e-06	1.507058e+03	2978	1	

3100	4.313871e-06	1.553797e+03	2997	1	

3200	2.525625e-06	8.975272e+02	3173	1	

3300	4.233333e-06	1.522123e+03	3294	81	

3400	4.640588e-06	1.657495e+03	3398	1	

3500	2.873429e-06	1.025653e+03	3482	1	

3600	3.833889e-06	1.401496e+03	3553	22	

3700	4.088649e-06	1.478174e+03	3674	1	

3800	2.103421e-06	7.439792e+02	3793	1	

3900	4.110769e-06	1.515655e+03	3898	1	

4000	5.657000e-06	1.999717e+03	3929	1	

4100	3.434634e-06	1.165985e+03	4082	1	

4200	5.918095e-06	2.104581e+03	4137	7	

4300	5.265814e-06	1.886309e+03	4300	1	

4400	2.289318e-06	8.188052e+02	4387	1	

4500	3.761778e-06	1.333721e+03	4467	10	

4600	5.991739e-06	2.110653e+03	4574	1	

4700	6.414681e-06	2.271269e+03	4691	1	

4800	5.224583e-06	1.806226e+03	4746	1	

4900	7.689184e-06	2.734122e+03	4864	1	

5000	5.424800e-06	1.909012e+03	4945	1	

5100	7.998431e-06	2.749928e+03	5096	17	

5200	3.167500e-06	1.086304e+03	5184	1	

5300	7.726981e-06	2.722289e+03	5268	1	

5400	7.311852e-06	2.616679e+03	5343	46	

5500	4.985091e-06	1.809521e+03	5499	1	

5600	3.790357e-06	1.316492e+03	5592	1	

5700	3.988596e-06	1.448049e+03	5697	1	

5800	6.780000e-06	2.380573e+03	5786	1	

5900	8.348983e-06	2.939478e+03	5897	1	

6000	6.597500e-06	2.333330e+03	5990	14	

6100	3.541148e-06	1.284986e+03	5997	1	

6200	4.231774e-06	1.485476e+03	6173	1	

6300	6.697937e-06	2.419959e+03	6271	1	

6400	3.154062e-06	1.152995e+03	6335	1	

6500	7.090923e-06	2.599599e+03	6478	1	

6600	5.412727e-06	2.009560e+03	6547	1	

6700	8.867910e-06	3.209336e+03	6679	1	

6800	1.059191e-05	3.761946e+03	6688	22	

6900	8.484348e-06	3.017567e+03	6892	102	

7000	8.078286e-06	2.902207e+03	6998	1	

7100	6.616056e-06	2.351479e+03	7085	1	

7200	8.495139e-06	3.027590e+03	7102	1	

7300	1.166384e-05	4.196080e+03	7217	29	

7400	9.179459e-06	3.394545e+03	7384	1	

7500	9.994000e-06	3.618612e+03	7500	32	

7600	7.345263e-06	2.702969e+03	7558	1	

7700	8.524545e-06	3.077158e+03	7672	1	

7800	4.749359e-06	1.719042e+03	7780	1	

7900	1.108506e-05	4.106806e+03	7676	1	

8000	5.908500e-06	2.162384e+03	7919	1	

8100	5.973210e-06	2.138804e+03	8012	1	

8200	9.068537e-06	3.259238e+03	8084	42	

8300	4.520000e-06	1.644977e+03	8179	1	

8400	8.144762e-06	2.990680e+03	8385	1	

8500	1.141824e-05	4.221095e+03	8494	110	

8600	1.014407e-05	3.659977e+03	8512	1	

8700	9.465977e-06	3.443419e+03	8668	160	

8800	1.274330e-05	4.654344e+03	8784	14	

8900	9.376292e-06	3.458176e+03	8896	1	

9000	9.482000e-06	3.382172e+03	8955	12	

9100	1.095231e-05	4.011427e+03	9083	5	

9200	1.104185e-05	4.090794e+03	9172	1	

9300	5.841075e-06	2.137288e+03	9212	1	

9400	1.315628e-05	4.779870e+03	9304	20	

9500	1.284211e-05	4.828959e+03	9477	1	

9600	1.071052e-05	3.966046e+03	9554	1	

9700	1.608278e-05	5.904127e+03	9672	116	

9800	1.675347e-05	6.426747e+03	9677	1	

9900	1.781808e-05	6.691462e+03	9801	38	

10000	1.813590e-05	6.901215e+03	9953	79	
