1000	7.166000e-08	9.222580e+00	10	1	

1100	7.658182e-08	9.445318e+00	11	3	

1200	6.930833e-08	9.490833e+00	11	3	

1300	6.559231e-08	9.633908e+00	11	2	

1400	6.719286e-08	9.641593e+00	11	1	

1500	6.896000e-08	9.682673e+00	11	2	

1600	6.435000e-08	1.011633e+01	11	1	

1700	6.904118e-08	1.013188e+01	11	2	

1800	6.552778e-08	1.019960e+01	11	3	

1900	6.971053e-08	1.020764e+01	11	3	

2000	7.034000e-08	1.022312e+01	11	2	

2100	6.950476e-08	1.043508e+01	12	2	

2200	7.439545e-08	1.044890e+01	12	2	

2300	7.014348e-08	1.045249e+01	12	3	

2400	7.304583e-08	1.048708e+01	12	2	

2500	7.291200e-08	1.050768e+01	12	2	

2600	7.393846e-08	1.063188e+01	12	2	

2700	7.163333e-08	1.063737e+01	12	2	

2800	7.182500e-08	1.064123e+01	12	3	

2900	7.137931e-08	1.067461e+01	12	3	

3000	7.149667e-08	1.068461e+01	12	3	

3100	7.227419e-08	1.110997e+01	12	3	

3200	7.575312e-08	1.111186e+01	12	3	

3300	7.583030e-08	1.111768e+01	12	2	

3400	7.437059e-08	1.112812e+01	12	2	

3500	8.618571e-08	1.113633e+01	12	3	

3600	7.404167e-08	1.120027e+01	12	3	

3700	7.666486e-08	1.120253e+01	12	3	

3800	8.260000e-08	1.120663e+01	12	3	

3900	7.596667e-08	1.122086e+01	12	2	

4000	7.726500e-08	1.122345e+01	12	1	

4100	7.272195e-08	1.143372e+01	12	4	

4200	7.309286e-08	1.143399e+01	13	4	

4300	7.349767e-08	1.143848e+01	13	2	

4400	7.690909e-08	1.144652e+01	13	3	

4500	7.366667e-08	1.145058e+01	13	3	

4600	7.355000e-08	1.145175e+01	13	2	

4700	7.561489e-08	1.148666e+01	13	4	

4800	1.359812e-07	1.149091e+01	13	3	

4900	7.395102e-08	1.149899e+01	13	3	

5000	7.466000e-08	1.150636e+01	13	3	

5100	7.260588e-08	1.150618e+01	13	3	

5200	7.420385e-08	1.163168e+01	13	2	

5300	7.619245e-08	1.163452e+01	13	2	

5400	7.763704e-08	1.164006e+01	13	3	

5500	7.893818e-08	1.164047e+01	13	4	

5600	7.735893e-08	1.164257e+01	13	4	

5700	8.080526e-08	1.167429e+01	13	3	

5800	7.896724e-08	1.167555e+01	13	3	

5900	7.635085e-08	1.168416e+01	13	1	

6000	7.490667e-08	1.168688e+01	13	4	

6100	7.588689e-08	1.168900e+01	13	3	

6200	7.828710e-08	1.211157e+01	13	3	

6300	7.895556e-08	1.211168e+01	13	3	

6400	7.871406e-08	1.211145e+01	13	3	

6500	7.700462e-08	1.211571e+01	13	3	

6600	7.997424e-08	1.211538e+01	13	2	

6700	8.337612e-08	1.213150e+01	13	2	

6800	8.026618e-08	1.212837e+01	13	4	

6900	7.835797e-08	1.213212e+01	13	4	

7000	8.046857e-08	1.213548e+01	13	1	

7100	7.705775e-08	1.213570e+01	13	3	

7200	1.170375e-07	1.220119e+01	13	4	

7300	7.901644e-08	1.220120e+01	13	3	

7400	7.800811e-08	1.220064e+01	13	3	

7500	7.877067e-08	1.220503e+01	13	3	

7600	7.882632e-08	1.220639e+01	13	3	

7700	9.178442e-08	1.222239e+01	13	4	

7800	1.009038e-07	1.221951e+01	13	3	

7900	7.782532e-08	1.222122e+01	13	2	

8000	8.063875e-08	1.222568e+01	13	3	

8100	7.842593e-08	1.222489e+01	13	4	

8200	8.085366e-08	1.243397e+01	14	4	

8300	1.150133e-07	1.243277e+01	14	4	

8400	7.790595e-08	1.243314e+01	14	4	

8500	8.514941e-08	1.243733e+01	14	3	

8600	8.369070e-08	1.243852e+01	14	4	

8700	7.896552e-08	1.243742e+01	14	3	

8800	8.237727e-08	1.244629e+01	14	4	

8900	7.974719e-08	1.244739e+01	14	4	

9000	7.879222e-08	1.245041e+01	14	4	

9100	7.933736e-08	1.245174e+01	14	4	

9200	8.450870e-08	1.245108e+01	14	3	

9300	8.207312e-08	1.248503e+01	14	4	

9400	7.893830e-08	1.248568e+01	14	3	

9500	7.939895e-08	1.248955e+01	14	4	

9600	7.915104e-08	1.248857e+01	14	3	

9700	8.345155e-08	1.248963e+01	14	3	

9800	7.973367e-08	1.249954e+01	14	4	

9900	8.092121e-08	1.250096e+01	14	4	

10000	8.016700e-08	1.250440e+01	14	2	
