1000	6.765440e-08	9.224912e+00	10	1	

1100	6.417991e-08	9.446483e+00	11	1	

1200	6.447300e-08	9.489407e+00	11	1	

1300	6.648492e-08	9.631836e+00	11	1	

1400	6.763200e-08	9.642905e+00	11	1	

1500	6.958407e-08	9.684878e+00	11	1	

1600	7.254944e-08	1.011476e+01	11	1	

1700	6.828706e-08	1.012985e+01	11	1	

1800	6.913456e-08	1.020083e+01	11	1	

1900	7.122274e-08	1.020517e+01	11	1	

2000	6.930830e-08	1.022465e+01	11	1	

2100	6.985333e-08	1.043389e+01	12	1	

2200	7.060218e-08	1.044635e+01	12	1	

2300	7.137104e-08	1.045253e+01	12	1	

2400	7.176392e-08	1.048916e+01	12	1	

2500	7.046828e-08	1.050441e+01	12	1	

2600	7.103023e-08	1.063153e+01	12	1	

2700	7.158767e-08	1.063919e+01	12	1	

2800	7.161079e-08	1.064273e+01	12	1	

2900	7.361469e-08	1.067558e+01	12	1	

3000	7.304690e-08	1.068477e+01	12	1	

3100	7.486084e-08	1.111055e+01	12	1	

3200	7.451331e-08	1.111464e+01	12	1	

3300	7.488355e-08	1.111650e+01	12	1	

3400	7.826988e-08	1.113000e+01	12	1	

3500	7.474623e-08	1.113448e+01	12	1	

3600	7.549142e-08	1.120091e+01	12	1	

3700	7.534711e-08	1.120190e+01	12	1	

3800	7.470829e-08	1.120512e+01	12	1	

3900	7.666433e-08	1.122036e+01	12	1	

4000	8.036535e-08	1.122509e+01	12	1	

4100	7.729832e-08	1.143263e+01	13	1	

4200	7.716379e-08	1.143386e+01	13	1	

4300	7.714470e-08	1.143735e+01	13	1	

4400	7.685036e-08	1.144642e+01	13	1	

4500	7.854571e-08	1.145055e+01	13	1	

4600	7.651493e-08	1.145221e+01	13	1	

4700	8.034474e-08	1.148589e+01	13	1	

4800	7.753404e-08	1.148921e+01	13	1	

4900	8.003855e-08	1.150033e+01	13	1	

5000	8.058570e-08	1.150442e+01	13	1	

5100	7.730025e-08	1.150576e+01	13	1	

5200	7.891915e-08	1.163129e+01	13	1	

5300	7.960775e-08	1.163293e+01	13	1	

5400	8.012278e-08	1.163922e+01	13	1	

5500	8.089489e-08	1.163978e+01	13	1	

5600	8.016791e-08	1.164256e+01	13	1	

5700	7.967089e-08	1.167405e+01	13	1	

5800	7.956850e-08	1.167553e+01	13	1	

5900	7.817817e-08	1.168424e+01	13	1	

6000	7.924357e-08	1.168487e+01	13	1	

6100	7.888398e-08	1.168771e+01	13	1	

6200	8.066705e-08	1.211026e+01	13	1	

6300	8.141516e-08	1.211139e+01	13	1	

6400	8.061397e-08	1.211455e+01	13	1	

6500	8.457602e-08	1.211506e+01	13	1	

6600	8.313682e-08	1.211643e+01	13	1	

6700	8.312299e-08	1.212888e+01	13	1	

6800	8.376707e-08	1.212996e+01	13	1	

6900	8.504057e-08	1.213030e+01	13	1	

7000	8.441939e-08	1.213448e+01	13	1	

7100	8.592590e-08	1.213566e+01	13	1	

7200	8.609536e-08	1.220076e+01	13	1	

7300	8.747700e-08	1.220164e+01	13	1	

7400	8.570680e-08	1.220199e+01	13	1	

7500	8.524564e-08	1.220431e+01	13	1	

7600	8.535404e-08	1.220521e+01	13	1	

7700	8.484153e-08	1.222013e+01	13	1	

7800	8.140463e-08	1.222000e+01	13	1	

7900	8.099276e-08	1.222102e+01	13	1	

8000	8.207312e-08	1.222489e+01	13	1	

8100	8.271895e-08	1.222581e+01	13	1	

8200	8.179616e-08	1.243273e+01	14	1	

8300	8.102878e-08	1.243301e+01	14	1	

8400	8.227817e-08	1.243392e+01	14	1	

8500	8.321927e-08	1.243596e+01	14	1	

8600	8.217248e-08	1.243725e+01	14	1	

8700	8.082289e-08	1.243775e+01	14	1	

8800	8.103795e-08	1.244607e+01	14	1	

8900	8.179875e-08	1.244711e+01	14	1	

9000	8.319098e-08	1.245044e+01	14	1	

9100	8.241274e-08	1.245172e+01	14	1	

9200	8.245265e-08	1.245205e+01	14	1	

9300	8.326805e-08	1.248556e+01	14	1	

9400	8.255609e-08	1.248600e+01	14	1	

9500	8.196369e-08	1.248817e+01	14	1	

9600	8.348314e-08	1.248906e+01	14	1	

9700	8.505940e-08	1.248928e+01	14	1	

9800	8.303939e-08	1.250021e+01	14	1	

9900	8.372527e-08	1.250083e+01	14	1	

10000	8.518491e-08	1.250427e+01	14	1	
