1000	1.300000e-07	8.987000e+00	10	1	

1100	1.363636e-07	9.149091e+00	11	1	

1200	1.341667e-07	9.303333e+00	11	1	

1300	1.407692e-07	9.433846e+00	11	1	

1400	1.485714e-07	9.545714e+00	11	1	

1500	1.420000e-07	9.642667e+00	11	1	

1600	1.375000e-07	9.727500e+00	11	1	

1700	1.200000e-07	9.802353e+00	11	1	

1800	1.200000e-07	9.868889e+00	11	1	

1900	8.894737e-08	9.928421e+00	11	1	

2000	8.650000e-08	9.982000e+00	11	1	

2100	9.761905e-08	1.005571e+01	12	1	

2200	8.363636e-08	1.014409e+01	12	1	

2300	1.069565e-07	1.022478e+01	12	1	

2400	8.708333e-08	1.029875e+01	12	1	

2500	8.680000e-08	1.036680e+01	12	1	

2600	7.961538e-08	1.042962e+01	12	1	

2700	7.925926e-08	1.048778e+01	12	1	

2800	8.000000e-08	1.054179e+01	12	1	

2900	8.068966e-08	1.059207e+01	12	1	

3000	1.006667e-07	1.063900e+01	12	1	

3100	8.870968e-08	1.068290e+01	12	1	

3200	8.031250e-08	1.072406e+01	12	1	

3300	9.939394e-08	1.076273e+01	12	1	

3400	1.126471e-07	1.079912e+01	12	1	

3500	9.914286e-08	1.083343e+01	12	1	

3600	8.250000e-08	1.086583e+01	12	1	

3700	1.210811e-07	1.089649e+01	12	1	

3800	8.368421e-08	1.092553e+01	12	1	

3900	7.974359e-08	1.095308e+01	12	1	

4000	8.850000e-08	1.097925e+01	12	1	

4100	7.902439e-08	1.100537e+01	13	1	

4200	9.285714e-08	1.105286e+01	13	1	

4300	8.558140e-08	1.109814e+01	13	1	

4400	8.250000e-08	1.114136e+01	13	1	

4500	1.420000e-07	1.118267e+01	13	1	

4600	8.043478e-08	1.122217e+01	13	1	

4700	9.425532e-08	1.126000e+01	13	1	

4800	9.312500e-08	1.129625e+01	13	1	

4900	8.122449e-08	1.133102e+01	13	1	

5000	9.480000e-08	1.136440e+01	13	1	

5100	8.411765e-08	1.139647e+01	13	1	

5200	9.711538e-08	1.142731e+01	13	1	

5300	8.547170e-08	1.145698e+01	13	1	

5400	8.296296e-08	1.148556e+01	13	1	

5500	9.090909e-08	1.151309e+01	13	1	

5600	8.821429e-08	1.153964e+01	13	1	

5700	8.333333e-08	1.156526e+01	13	1	

5800	9.534483e-08	1.159000e+01	13	1	

5900	1.288136e-07	1.161390e+01	13	1	

6000	1.160000e-07	1.163700e+01	13	1	

6100	1.034426e-07	1.165934e+01	13	1	

6200	8.661290e-08	1.168097e+01	13	1	

6300	8.412698e-08	1.170190e+01	13	1	

6400	8.468750e-08	1.172219e+01	13	1	

6500	9.246154e-08	1.174185e+01	13	1	

6600	1.084848e-07	1.176091e+01	13	1	

6700	8.373134e-08	1.177940e+01	13	1	

6800	9.132353e-08	1.179735e+01	13	1	

6900	1.057971e-07	1.181478e+01	13	1	

7000	9.114286e-08	1.183171e+01	13	1	

7100	9.239437e-08	1.184817e+01	13	1	

7200	9.263889e-08	1.186417e+01	13	1	

7300	8.561644e-08	1.187973e+01	13	1	

7400	8.310811e-08	1.189486e+01	13	1	

7500	9.600000e-08	1.190960e+01	13	1	

7600	9.171053e-08	1.192395e+01	13	1	

7700	9.220779e-08	1.193792e+01	13	1	

7800	1.035897e-07	1.195154e+01	13	1	

7900	9.240506e-08	1.196481e+01	13	1	

8000	9.250000e-08	1.197775e+01	13	1	

8100	8.975309e-08	1.199037e+01	13	1	

8200	9.963415e-08	1.200378e+01	14	1	

8300	9.012048e-08	1.202783e+01	14	1	

8400	8.666667e-08	1.205131e+01	14	1	

8500	9.882353e-08	1.207424e+01	14	1	

8600	1.025581e-07	1.209663e+01	14	1	

8700	3.659770e-07	1.211851e+01	14	1	

8800	1.042045e-07	1.213989e+01	14	1	

8900	8.865169e-08	1.216079e+01	14	1	

9000	9.066667e-08	1.218122e+01	14	1	

9100	1.047253e-07	1.220121e+01	14	1	

9200	1.025000e-07	1.222076e+01	14	1	

9300	9.387097e-08	1.223989e+01	14	1	

9400	1.015957e-07	1.225862e+01	14	1	

9500	9.221053e-08	1.227695e+01	14	1	

9600	1.047917e-07	1.229490e+01	14	1	

9700	1.067010e-07	1.231247e+01	14	1	

9800	1.019388e-07	1.232969e+01	14	1	

9900	1.315152e-07	1.234657e+01	14	1	

10000	1.012000e-07	1.236310e+01	14	1	
