1000	1.510000e-07	9.248000e+00	10	5	

1100	1.072727e-07	9.424545e+00	11	6	

1200	1.033333e-07	9.464167e+00	11	5	

1300	1.084615e-07	9.666923e+00	11	4	

1400	1.064286e-07	9.627143e+00	11	5	

1500	1.066667e-07	9.726667e+00	11	5	

1600	1.406250e-07	1.009812e+01	11	6	

1700	9.176471e-08	1.016471e+01	11	5	

1800	9.222222e-08	1.021444e+01	11	6	

1900	7.842105e-08	1.021632e+01	11	5	

2000	7.900000e-08	1.020750e+01	11	5	

2100	6.380952e-08	1.042762e+01	12	6	

2200	6.181818e-08	1.045636e+01	12	6	

2300	6.173913e-08	1.044739e+01	12	5	

2400	7.500000e-08	1.046583e+01	12	6	

2500	6.280000e-08	1.048640e+01	12	5	

2600	6.461538e-08	1.064346e+01	12	6	

2700	6.296296e-08	1.064000e+01	12	6	

2800	6.500000e-08	1.064714e+01	12	6	

2900	6.413793e-08	1.068379e+01	12	6	

3000	6.300000e-08	1.069100e+01	12	6	

3100	7.387097e-08	1.110323e+01	12	5	

3200	7.000000e-08	1.111906e+01	12	6	

3300	6.575758e-08	1.110061e+01	12	6	

3400	6.441176e-08	1.113147e+01	12	3	

3500	7.257143e-08	1.114771e+01	12	6	

3600	7.166667e-08	1.121639e+01	12	6	

3700	8.459459e-08	1.120595e+01	12	5	

3800	6.815789e-08	1.118421e+01	12	6	

3900	6.641026e-08	1.121949e+01	12	5	

4000	6.900000e-08	1.123175e+01	12	5	

4100	7.000000e-08	1.142024e+01	12	5	

4200	7.523810e-08	1.141976e+01	13	6	

4300	8.302326e-08	1.144163e+01	13	3	

4400	6.613636e-08	1.146182e+01	13	6	

4500	6.711111e-08	1.145333e+01	13	5	

4600	6.608696e-08	1.145739e+01	13	5	

4700	6.617021e-08	1.148383e+01	13	6	

4800	6.541667e-08	1.149188e+01	13	7	

4900	8.081633e-08	1.148102e+01	13	5	

5000	6.880000e-08	1.151020e+01	13	4	

5100	9.117647e-08	1.151745e+01	13	7	

5200	6.653846e-08	1.161904e+01	13	6	

5300	7.037736e-08	1.162679e+01	13	6	

5400	8.425926e-08	1.164574e+01	13	5	

5500	7.181818e-08	1.164073e+01	13	6	

5600	8.892857e-08	1.163946e+01	13	7	

5700	8.263158e-08	1.165544e+01	13	5	

5800	7.379310e-08	1.168517e+01	13	7	

5900	6.898305e-08	1.170085e+01	13	7	

6000	8.966667e-08	1.169700e+01	13	7	

6100	9.344262e-08	1.169016e+01	13	6	

6200	6.903226e-08	1.212532e+01	13	6	

6300	8.190476e-08	1.208286e+01	13	7	

6400	7.562500e-08	1.211234e+01	13	5	

6500	1.093846e-07	1.211723e+01	13	6	

6600	8.575758e-08	1.212697e+01	13	5	

6700	7.552239e-08	1.213433e+01	13	7	

6800	7.823529e-08	1.212544e+01	13	5	

6900	8.043478e-08	1.212391e+01	13	6	

7000	8.628571e-08	1.213314e+01	13	6	

7100	6.971831e-08	1.214845e+01	13	4	

7200	8.097222e-08	1.220403e+01	13	8	

7300	7.890411e-08	1.221151e+01	13	8	

7400	7.689189e-08	1.217662e+01	13	5	

7500	8.146667e-08	1.220907e+01	13	6	

7600	7.868421e-08	1.220487e+01	13	6	

7700	8.974026e-08	1.223286e+01	13	7	

7800	7.807692e-08	1.220795e+01	13	3	

7900	7.683544e-08	1.220861e+01	13	6	

8000	8.562500e-08	1.222350e+01	13	7	

8100	6.987654e-08	1.222704e+01	13	7	

8200	7.475610e-08	1.243854e+01	13	6	

8300	7.277108e-08	1.244313e+01	13	7	

8400	7.083333e-08	1.242226e+01	14	6	

8500	7.423529e-08	1.242635e+01	14	6	

8600	7.593023e-08	1.243686e+01	14	6	

8700	7.643678e-08	1.243759e+01	14	7	

8800	8.534091e-08	1.244114e+01	14	6	

8900	8.089888e-08	1.244562e+01	14	7	

9000	7.388889e-08	1.244700e+01	14	6	

9100	7.340659e-08	1.245505e+01	14	6	

9200	7.989130e-08	1.244891e+01	14	7	

9300	7.376344e-08	1.249462e+01	14	5	

9400	8.287234e-08	1.248117e+01	14	6	

9500	7.568421e-08	1.250168e+01	14	8	

9600	8.541667e-08	1.248708e+01	14	6	

9700	7.247423e-08	1.248546e+01	14	7	

9800	7.734694e-08	1.250633e+01	14	6	

9900	7.050505e-08	1.250737e+01	14	6	

10000	7.430000e-08	1.250710e+01	14	7	
