Size	 Time	 Avg.	 Max.	 Min.	 
1000	2.667000e-07	5.813637e+01	997	1	

1100	1.615364e-07	5.221853e+01	1100	1	

1200	2.385583e-07	7.917863e+01	1199	1	

1300	2.047692e-07	6.969132e+01	1299	1	

1400	2.183357e-07	7.454137e+01	1400	1	

1500	1.937333e-07	6.552480e+01	1497	1	

1600	2.655813e-07	9.144736e+01	1599	1	

1700	2.815471e-07	9.783413e+01	1698	1	

1800	3.442611e-07	1.223611e+02	1796	1	

1900	3.312368e-07	1.152154e+02	1899	1	

2000	3.691900e-07	1.295748e+02	2000	1	

2100	3.114667e-07	1.090506e+02	2085	1	

2200	3.297409e-07	1.141946e+02	2194	1	

2300	3.751652e-07	1.315499e+02	2300	1	

2400	3.937167e-07	1.363615e+02	2397	1	

2500	4.012560e-07	1.396012e+02	2500	1	

2600	4.438231e-07	1.558388e+02	2600	1	

2700	4.257889e-07	1.516733e+02	2700	1	

2800	4.603321e-07	1.611944e+02	2796	1	

2900	3.524414e-07	1.226521e+02	2898	1	

3000	4.168500e-07	1.395661e+02	2999	1	

3100	4.566290e-07	1.549432e+02	3100	1	

3200	4.222812e-07	1.426190e+02	3194	1	

3300	4.557455e-07	1.548193e+02	3297	1	

3400	5.316441e-07	1.826076e+02	3393	1	

3500	6.175086e-07	2.135811e+02	3492	1	

3600	5.314389e-07	1.829445e+02	3594	1	

3700	6.511108e-07	2.261732e+02	3699	1	

3800	6.566842e-07	2.244201e+02	3799	1	

3900	5.377282e-07	1.883736e+02	3900	1	

4000	6.663575e-07	2.301165e+02	4000	1	

4100	6.601902e-07	2.269265e+02	4099	1	

4200	6.237690e-07	2.127733e+02	4200	1	

4300	7.314791e-07	2.553960e+02	4296	1	

4400	7.180818e-07	2.515177e+02	4398	1	

4500	5.690867e-07	1.953167e+02	4496	1	

4600	8.330804e-07	2.909012e+02	4597	1	

4700	7.830617e-07	2.706006e+02	4700	1	

4800	7.576708e-07	2.612859e+02	4797	1	

4900	6.529571e-07	2.283326e+02	4897	1	

5000	7.597460e-07	2.665383e+02	4999	1	

5100	7.926784e-07	2.739245e+02	5100	1	

5200	1.021004e-06	3.580694e+02	5196	1	

5300	7.633547e-07	2.648488e+02	5299	1	

5400	9.212741e-07	3.221056e+02	5400	1	

5500	7.897600e-07	2.777043e+02	5498	1	

5600	1.057646e-06	3.744992e+02	5598	1	

5700	7.556035e-07	2.591855e+02	5697	1	

5800	8.349672e-07	2.870385e+02	5800	1	

5900	1.026137e-06	3.555856e+02	5895	1	

6000	1.019053e-06	3.578488e+02	6000	1	

6100	7.998246e-07	2.760879e+02	6092	1	

6200	8.686387e-07	3.007267e+02	6198	1	

6300	9.793651e-07	3.377152e+02	6285	1	

6400	9.504594e-07	3.311950e+02	6400	1	

6500	7.992692e-07	2.762520e+02	6496	1	

6600	1.113989e-06	3.926323e+02	6600	1	

6700	1.168906e-06	4.087364e+02	6699	1	

6800	9.668235e-07	3.406232e+02	6795	1	

6900	1.113106e-06	3.897820e+02	6893	1	

7000	8.543429e-07	2.995247e+02	7000	1	

7100	8.722225e-07	3.020664e+02	7099	1	

7200	1.358049e-06	4.746572e+02	7198	1	

7300	1.079529e-06	3.755476e+02	7290	1	

7400	1.010839e-06	3.528010e+02	7391	1	

7500	1.170228e-06	4.066611e+02	7500	1	

7600	1.123645e-06	3.953491e+02	7599	1	

7700	1.166371e-06	4.065190e+02	7698	1	

7800	9.762603e-07	3.411354e+02	7799	1	

7900	1.149411e-06	4.050168e+02	7900	1	

8000	1.294924e-06	4.568602e+02	8000	1	

8100	1.187399e-06	4.173291e+02	8098	1	

8200	1.509638e-06	5.354147e+02	8197	1	

8300	1.323911e-06	4.733169e+02	8298	1	

8400	1.297032e-06	4.655394e+02	8390	1	

8500	1.301791e-06	4.682042e+02	8494	1	

8600	1.427515e-06	5.169024e+02	8589	1	

8700	1.110949e-06	3.992765e+02	8693	1	

8800	1.371048e-06	4.908585e+02	8794	1	

8900	1.349148e-06	4.882147e+02	8900	1	

9000	1.458478e-06	5.287770e+02	9000	1	

9100	1.265234e-06	4.577180e+02	9099	1	

9200	1.132626e-06	4.122622e+02	9192	1	

9300	1.551908e-06	5.741743e+02	9300	1	

9400	1.471720e-06	5.344139e+02	9397	1	

9500	1.261997e-06	4.565434e+02	9492	1	

9600	1.434605e-06	5.211874e+02	9600	1	

9700	1.408158e-06	5.096008e+02	9693	1	

9800	1.343073e-06	4.918685e+02	9790	1	

9900	1.441309e-06	5.354334e+02	9898	1	

10000	1.298380e-06	4.779475e+02	10000	1	
