Size	 Time	 Avg.	 Max.	 Min.	 
1000	1.242000e-06	5.005000e+02	1000	1	

1100	1.410909e-06	5.505000e+02	1100	1	

1200	1.637500e-06	6.005000e+02	1200	1	

1300	1.843846e-06	6.505000e+02	1300	1	

1400	1.993571e-06	7.005000e+02	1400	1	

1500	2.172667e-06	7.505000e+02	1500	1	

1600	2.290625e-06	8.005000e+02	1600	1	

1700	2.384706e-06	8.505000e+02	1700	1	

1800	2.516667e-06	9.005000e+02	1800	1	

1900	2.556316e-06	9.505000e+02	1900	1	

2000	2.680000e-06	1.000500e+03	2000	1	

2100	2.845714e-06	1.050500e+03	2100	1	

2200	3.049091e-06	1.100500e+03	2200	1	

2300	3.273478e-06	1.150500e+03	2300	1	

2400	3.523750e-06	1.200500e+03	2400	1	

2500	3.434000e-06	1.250500e+03	2500	1	

2600	3.700000e-06	1.300500e+03	2600	1	

2700	3.840741e-06	1.350500e+03	2700	1	

2800	3.847857e-06	1.400500e+03	2800	1	

2900	4.061379e-06	1.450500e+03	2900	1	

3000	4.248667e-06	1.500500e+03	3000	1	

3100	4.515484e-06	1.550500e+03	3100	1	

3200	4.548750e-06	1.600500e+03	3200	1	

3300	4.646970e-06	1.650500e+03	3300	1	

3400	4.847941e-06	1.700500e+03	3400	1	

3500	5.008857e-06	1.750500e+03	3500	1	

3600	5.063056e-06	1.800500e+03	3600	1	

3700	5.217838e-06	1.850500e+03	3700	1	

3800	5.404474e-06	1.900500e+03	3800	1	

3900	5.622821e-06	1.950500e+03	3900	1	

4000	5.663750e-06	2.000500e+03	4000	1	

4100	5.659268e-06	2.050500e+03	4100	1	

4200	5.860714e-06	2.100500e+03	4200	1	

4300	6.042093e-06	2.150500e+03	4300	1	

4400	6.317955e-06	2.200500e+03	4400	1	

4500	6.512444e-06	2.250500e+03	4500	1	

4600	6.637609e-06	2.300500e+03	4600	1	

4700	6.647872e-06	2.350500e+03	4700	1	

4800	6.772500e-06	2.400500e+03	4800	1	

4900	6.989592e-06	2.450500e+03	4900	1	

5000	7.191600e-06	2.500500e+03	5000	1	

5100	7.155686e-06	2.550500e+03	5100	1	

5200	7.341538e-06	2.600500e+03	5200	1	

5300	7.450189e-06	2.650500e+03	5300	1	

5400	7.696852e-06	2.700500e+03	5400	1	

5500	7.844000e-06	2.750500e+03	5500	1	

5600	7.781250e-06	2.800500e+03	5600	1	

5700	7.888772e-06	2.850500e+03	5700	1	

5800	8.009655e-06	2.900500e+03	5800	1	

5900	8.346949e-06	2.950500e+03	5900	1	

6000	8.593333e-06	3.000500e+03	6000	1	

6100	8.630492e-06	3.050500e+03	6100	1	

6200	8.822742e-06	3.100500e+03	6200	1	

6300	8.880476e-06	3.150500e+03	6300	1	

6400	9.089531e-06	3.200500e+03	6400	1	

6500	9.114615e-06	3.250500e+03	6500	1	

6600	9.233788e-06	3.300500e+03	6600	1	

6700	9.360149e-06	3.350500e+03	6700	1	

6800	9.506765e-06	3.400500e+03	6800	1	

6900	9.671884e-06	3.450500e+03	6900	1	

7000	9.867571e-06	3.500500e+03	7000	1	

7100	1.002704e-05	3.550500e+03	7100	1	

7200	1.021181e-05	3.600500e+03	7200	1	

7300	1.046822e-05	3.650500e+03	7300	1	

7400	1.044081e-05	3.700500e+03	7400	1	

7500	1.056760e-05	3.750500e+03	7500	1	

7600	1.068921e-05	3.800500e+03	7600	1	

7700	1.076974e-05	3.850500e+03	7700	1	

7800	1.097282e-05	3.900500e+03	7800	1	

7900	1.089658e-05	3.950500e+03	7900	1	

8000	1.135413e-05	4.000500e+03	8000	1	

8100	1.153062e-05	4.050500e+03	8100	1	

8200	1.163976e-05	4.100500e+03	8200	1	

8300	1.161530e-05	4.150500e+03	8300	1	

8400	1.169310e-05	4.200500e+03	8400	1	

8500	1.194882e-05	4.250500e+03	8500	1	

8600	1.191919e-05	4.300500e+03	8600	1	

8700	1.213149e-05	4.350500e+03	8700	1	

8800	1.220295e-05	4.400500e+03	8800	1	

8900	1.191910e-05	4.450500e+03	8900	1	

9000	1.231611e-05	4.500500e+03	9000	1	

9100	1.261484e-05	4.550500e+03	9100	1	

9200	1.252109e-05	4.600500e+03	9200	1	

9300	1.285290e-05	4.650500e+03	9300	1	

9400	1.313191e-05	4.700500e+03	9400	1	

9500	1.307126e-05	4.750500e+03	9500	1	

9600	1.334531e-05	4.800500e+03	9600	1	

9700	1.327876e-05	4.850500e+03	9700	1	

9800	1.357255e-05	4.900500e+03	9800	1	

9900	1.382747e-05	4.950500e+03	9900	1	

10000	1.430420e-05	5.000500e+03	10000	1	
