10082
10192
1028
10595
10621
10966
11001
11047
11171
11259
11695
11750
11831
11853
11981
12020
12069
12132
12394
12813
12822
12973
13034
13104
13266
13355
13677
13812
1414
14166
14438
14567
1507
15177
16115
16128
16309
16390
16421
16813
17091
17113
17310
17729
18064
18424
18527
18996
1900
1900
1900
1900
19038
19238
19377
1952
19610
2006
2009
20107
20323
20456
20550
20734
20796
20876
20982
21044
21214
21304
21781
21852
21918
21926
2196
22179
2230
22465
22693
22740
22914
22916
22929
23166
23310
23475
23793
24014
24153
24176
24189
24339
24446
24704
24704
24704
24704
24704
24704
24704
24704
24704
24704
24704
24704
24704
24704
24704
24704
24704
24704
24704
24704
24704
24704
24704
24704
24704
24704
24704
24704
24704
24704
24704
24704
24704
24704
24704
24704
24704
24704
24704
24704
24704
24704
24704
24704
24704
24704
24704
24704
24704
24704
24704
24704
24704
24704
24704
24704
24704
24704
24704
24704
24704
24704
24704
24704
24704
24704
24704
24704
24704
24704
24704
24704
24704
24704
24704
24704
24704
24704
24704
24704
24704
24704
24704
24704
24704
24704
24704
24704
24704
24704
24704
24704
24704
24704
24704
24704
24704
24704
24704
24704
24704
24704
24704
24704
24704
24704
24704
24704
24704
24704
24704
24704
24704
24704
24704
24704
24704
24704
24704
24704
24704
24704
24704
24704
24704
24704
24704
24704
24704
24704
24704
24704
24704
24704
24704
24704
24704
24704
24704
24704
24704
24704
24704
24704
24704
24704
24704
24704
24704
24704
24704
24704
24704
24704
24704
24704
24704
24704
24704
24704
24704
24704
24704
24704
24704
24704
24704
24704
24704
24704
24704
24704
24704
24704
24704
24704
24704
24704
24704
24704
24704
24704
24704
24704
24704
24704
24704
24704
24704
24704
24704
24704
24704
24704
24704
24704
24704
24704
24704
24704
24704
24704
24704
24704
24704
24704
24704
24704
24704
24704
24704
24704
24704
24704
24704
24704
24704
24704
24704
24704
24704
24704
24704
24704
24704
24704
24704
24704
24704
24704
24704
24704
24704
24704
24704
24704
24704
24704
24704
24704
24704
24704
24704
24704
24704
24704
24704
24704
24704
24704
24704
24704
24704
24704
24704
24704
24704
24704
24704
24704
24704
24704
24704
24704
24704
24704
24704
24704
24704
24704
24704
24704
24704
24704
24704
24704
24704
24704
24704
24704
24704
24704
24704
24704
24704
24704
24704
24704
24704
24704
24704
24704
24704
24704
24704
24704
24704
24704
24704
24704
24704
24704
24704
24704
24704
24704
24704
24704
24704
24704
24704
24704
24704
24704
24704
24704
24704
24704
24704
24704
24704
24704
24704
24704
24704
24704
24704
24704
24704
24704
24704
24704
24704
24704
24704
24704
24704
24704
24704
24704
24704
24704
24704
24704
24704
24704
24704
24704
24704
24704
24704
24704
24704
24704
24704
24704
24704
24704
24704
24704
24704
24704
24704
24704
24704
24704
24704
24704
24704
24704
24704
24704
24704
24704
24704
24704
24704
24704
24704
24704
24704
24704
24704
24704
24704
24704
24704
24704
24704
24704
24704
24704
24704
24704
24704
24704
24704
24704
24704
24704
24704
24704
24704
24704
24704
24704
24704
24704
24704
24704
24704
24704
24704
24704
24704
24704
24704
24704
24704
24704
24704
24704
24704
24704
24704
24704
24704
24704
24704
24704
24704
24704
24704
24704
24704
24704
24704
24704
24704
24704
24704
24704
24704
24704
24704
24704
24704
24704
24704
24704
24704
24704
24704
24704
24704
24704
24704
24704
24704
24704
24704
24704
24704
24704
24704
24704
24704
24704
24704
24704
24704
24704
24704
24704
24704
24704
24704
24704
24704
24704
24704
24704
24704
24704
24704
24704
24704
24704
24704
24704
24704
24704
24704
24704
24704
24704
24704
24704
24704
24704
24704
24704
24704
24704
24704
24704
24704
24704
24704
24704
24704
24704
24704
24704
24704
24704
24704
24704
24704
24704
24704
24704
24704
24704
24704
24704
24704
24704
24704
24704
24704
24704
24704
24704
24704
24704
24704
24704
24704
24704
24704
24704
24704
24704
24704
24704
24704
24704
24704
24704
24704
24704
24704
24704
24704
24704
24704
24704
24704
24704
24704
24704
24704
24704
24704
24704
24704
24704
24704
24704
24704
24704
24704
24704
24704
24704
24704
24704
24704
24704
24704
24704
24704
24704
24704
24704
24704
24704
24704
24704
24704
24704
24704
24704
24704
24704
24704
24704
24704
24704
24704
24704
24704
24704
24704
24704
24704
24704
24704
24704
24704
24704
24704
24704
24704
24704
24704
24704
24704
24704
24704
24704
24704
24704
24704
24704
24704
24704
24704
24704
24704
24704
24704
24704
24704
24704
24704
24704
24704
24704
24704
24704
24704
24704
24704
24704
24704
24704
24704
24704
24704
24704
24704
24704
24704
24704
24704
24704
24704
24704
24704
24704
24704
24704
24704
24704
24704
24704
24704
24704
24704
24704
24704
24704
24704
24704
24704
24704
24704
24704
24704
24704
24704
24704
24704
24704
24704
24704
24704
24704
24704
24704
24704
24704
24704
24704
24704
24704
24704
24704
24704
24704
24704
24704
24704
24704
24704
24704
24704
24704
24704
24704
24704
24704
24704
24704
24704
24704
24704
24704
24704
24704
24704
24704
24704
24704
24704
24704
24704
24704
24704
24704
24704
24704
24704
24704
24704
24704
24704
24704
24704
24704
24704
24704
24704
24704
24704
24704
24704
24704
24704
24704
24704
24704
24704
24704
24704
24704
24704
24704
24704
24704
24704
24704
24704
24704
24704
24704
24704
24704
24704
24704
24704
24704
24704
24704
24704
24704
24704
24704
24704
24704
24704
24704
24704
24704
24704
24704
24704
24704
24704
24704
24704
24704
24704
24704
24704
24704
24704
24704
24704
24704
24704
24704
24704
24704
24704
24704
24704
24704
24704
24704
24704
24704
24704
24704
24704
24704
24704
24704
24704
24704
24704
24704
24704
24704
24704
24704
24704
24704
24704
24704
24704
24704
24704
24704
24704
24704
24704
24704
24704
24704
24704
24704
24704
24704
24704
24704
24704
24704
24704
24704
24704
24704
24704
24704
24704
24704
24704
24704
24704
24704
24704
24704
24704
24704
24704
24704
24704
24704
24704
24704
24704
24704
24704
24704
24704
24704
24704
24704
24704
24704
24704
24704
24704
24704
24704
24704
24704
24704
24704
24704
24704
24704
24704
24704
24704
24704
24704
24704
24704
24704
24704
24704
24704
24704
24704
24704
24704
24704
24704
24704
24704
24704
24704
24704
24704
24704
24704
24704
24704
24704
24704
24704
24704
24704
24704
24704
24704
24704
24704
24704
24704
24704
24704
24704
24704
24704
24704
24704
24704
24704
24704
24704
24704
24704
24704
24704
24704
24704
24704
24704
24704
24704
24704
24704
24704
24704
24704
24704
24704
24704
24704
24704
24704
24704
24704
24704
24704
24704
24704
24704
24704
24704
24704
24704
24704
24704
24704
24704
24704
24704
24704
24704
24704
24704
24704
24704
24704
24704
24704
24704
24704
24704
24704
24704
24704
24704
24704
24704
24704
24704
24704
24704
24704
24704
24704
24704
24704
24704
24704
24704
24704
24704
24704
24704
24704
24704
24704
24704
24704
24704
24704
24704
24704
24704
24704
24704
24704
24704
24704
24704
24704
24704
24704
24704
24704
24704
24704
24704
24704
24704
24704
24704
24704
24704
24704
24704
24704
24704
24704
24704
24704
24704
24704
24704
24704
24704
24704
24704
24704
24704
24704
24704
24704
24704
24704
24704
24704
24704
24704
24704
24704
24704
24704
24704
24704
24704
24704
24704
24704
24704
24704
24704
24704
24704
24704
24704
24704
24704
24704
24704
24704
24704
24704
24704
24704
24704
24704
24704
24704
24704
24704
24704
24704
24704
24704
24704
24704
24704
24704
24704
24704
24704
24704
24704
24704
24704
24704
24704
24704
24704
24704
24704
24704
24704
24704
24704
24704
24704
24704
24704
24704
24704
24704
24704
24704
24704
24704
24704
24704
24704
24704
24704
24704
24704
24704
24704
24704
24704
24704
24704
24704
24704
24704
24704
24704
24704
24704
24704
24704
24704
24704
24704
24704
24704
24704
24704
24704
24704
24704
24704
24704
24704
24704
24704
24704
24704
24704
24704
24704
24704
24704
24704
24704
24704
24704
24704
24704
24704
24704
24704
24704
24704
24704
24704
24704
24704
24704
24704
24704
24704
24704
24704
24704
24704
24704
24704
24704
24704
24704
24704
24704
24704
24704
24704
24704
24704
24704
24704
24704
24704
24704
24704
24704
24704
24704
24704
24704
24704
24704
24704
24704
24704
24704
24704
24704
24704
24704
24704
24704
24704
24704
24704
24704
24704
24704
24704
24704
24704
24704
24704
24704
24704
24704
24704
24704
24704
24704
24704
24704
24704
24704
24704
24704
24704
24704
24704
24704
24704
24704
24704
24704
24704
24704
24704
24704
24704
24704
24704
24704
24704
24704
24704
24704
24704
24704
24704
24704
24704
24704
24704
24704
24704
24704
24704
24704
24704
24704
24704
24704
24704
24704
24704
24704
24704
24704
24704
24704
24704
24704
24704
24704
24704
24704
24704
24704
24704
24704
24704
24704
24704
24704
24704
24704
24704
24704
24704
24704
24704
24704
24704
24704
24704
24704
24704
24704
24704
24704
24704
24704
24704
24704
24704
24704
24704
24704
24704
24704
24704
24704
24704
24704
24704
24704
24704
24704
24704
24704
24704
24704
24704
24704
24704
24704
24704
24704
24704
24704
24704
24704
24704
24704
24704
24704
24704
24704
24704
24704
24704
24704
24704
24704
24704
24704
24704
24704
24704
24704
24704
24704
24704
24704
24704
24704
24704
24704
24704
24704
24704
24704
24704
24704
24704
24704
24704
24704
24704
24704
24704
24704
24704
24704
24704
24704
24704
24704
24704
24704
24704
24704
24704
24704
24704
24704
24704
24704
24704
24704
24704
24704
24704
24704
24704
24704
24704
24704
24704
24704
24704
24704
24704
24704
24704
24704
24704
24704
24704
24704
24704
24704
24704
24704
24704
24704
24704
24704
24704
24704
24704
24704
24704
24704
24704
24704
24704
24704
24704
24704
24704
24704
24704
24704
24704
24704
24704
24704
24704
24704
24704
24704
24704
24704
24704
24704
24704
24704
24704
24704
24704
24704
24704
24704
24704
24704
24704
24704
24704
24704
24704
24704
24704
24704
24704
24704
24704
24704
24704
24704
24704
24704
24704
24704
24704
24704
24704
24704
24704
24704
24704
24704
24704
24704
24704
24704
24704
24704
24704
24704
24704
24704
24704
24704
24704
24704
24704
24704
24704
24704
24704
24704
24704
24704
24704
24704
24704
24704
24704
24704
24704
24704
24704
24704
24704
24704
24704
24704
24704
24704
24704
24704
24704
24704
24704
24704
24704
24704
24704
24704
24704
24704
24704
24704
24704
24704
24704
24704
24704
24704
24704
24704
24704
24704
24704
24704
24704
24704
24704
24704
24704
24704
24704
24704
24704
24704
24704
24704
24704
24704
24704
24704
24704
24704
24704
24704
24704
24704
24704
24704
24704
24704
24704
24704
24704
24704
24704
24704
24704
24704
24704
24704
24704
24704
24704
24704
24704
24704
24704
24704
24704
24704
24704
24704
24704
24704
24704
24704
24704
24704
24704
24704
24704
24704
24704
24704
24704
24704
24704
24704
24704
24704
24704
24704
24704
24704
24704
24704
24704
24704
24704
24704
24704
24704
24704
24704
24704
24704
24704
24704
24704
24704
24704
24704
24704
24704
24704
24704
24704
24704
24704
24704
24704
24704
24704
24704
24704
24704
24704
24704
24704
24704
24704
24704
24704
24704
24704
24704
24704
24704
24704
24704
24704
24704
24704
24704
24704
24704
24704
24704
24704
24704
24704
24704
24704
24704
24704
24704
24704
24704
24704
24704
24704
24704
24704
24704
24704
24704
24704
24704
24704
24704
24704
24704
24704
24704
24704
24704
24704
24704
24704
24704
24704
24704
24704
24704
24704
24704
24704
24704
24704
24704
24704
24704
24704
24704
24704
24704
24704
24704
24704
24704
24704
24704
24704
24704
24704
24704
24704
24704
24704
24704
24704
24704
24704
24704
24704
24704
24704
24704
24704
24704
24704
24704
24704
24704
24704
24704
24704
24704
24704
24704
24704
24704
24704
24704
24704
24704
24704
24704
24704
24704
24704
24704
24704
24704
24704
24704
24704
24704
24704
24704
24704
24704
24704
24704
24704
24704
24704
24704
24704
24704
24704
24704
24704
24704
24704
24704
24704
24704
24704
24704
24704
24704
24704
24704
24704
24704
24704
24704
24704
24704
24704
24704
24704
24704
24704
24704
24704
24704
24704
24704
24704
24704
24704
24704
24704
24704
24704
24704
24704
24704
24704
24704
24704
24704
24704
24704
24704
24704
24704
24704
24704
24704
24704
24704
24704
24704
24704
24704
24704
24704
24704
24704
24704
24704
24704
24704
24704
24704
24704
24704
24704
24704
24704
24704
24704
24704
24704
24704
24704
24704
24704
24704
24704
24704
24704
24704
24704
24704
24704
24704
24704
24704
24704
24704
24704
24704
24704
24704
24704
24704
24704
24704
24704
24704
24704
24704
24704
24704
24704
24704
24704
24704
24704
24704
24704
24704
24704
24704
24704
24704
24704
24704
24704
24704
24704
24704
24704
24704
24704
24704
24704
24704
24704
24704
24704
24704
24704
24704
24704
24704
24704
24704
24704
24704
24704
24704
24704
24704
24704
24704
24704
24704
24704
24704
24704
24704
24704
24704
24704
24704
24704
24704
24704
24704
24704
24704
24704
24704
24704
24704
24704
24704
24704
24704
24704
24704
24704
24704
24704
24704
24704
24704
24704
24704
24704
24704
24704
24704
24704
24704
24704
24704
24704
24704
24704
24704
24704
24704
24704
24704
24704
24704
24704
24704
24704
24704
24704
24704
24704
24704
24704
24704
24704
24704
24704
24704
24704
24704
24704
24704
24704
24704
24704
24704
24704
24704
24704
24704
24704
24704
24704
24704
24704
24704
24704
24704
24704
24704
24704
24704
24704
24704
24704
24704
24704
24704
24704
24704
24704
24704
24704
24704
24704
24704
24704
24704
24704
24704
24704
24704
24704
24704
24704
24704
24704
24704
24704
24704
24704
24704
24704
24704
24704
24704
24704
24704
24704
24704
24704
24704
24704
24704
24704
24704
24704
24704
24704
24704
24704
24704
24704
24704
24704
24704
24704
24704
24704
24704
24704
24704
24704
24704
24704
24704
24704
24704
24704
24704
24704
24704
24704
24704
24704
24704
24704
24704
24704
24704
24704
24704
24704
24704
24704
24704
24704
24704
24704
24704
24704
24704
24704
24704
24704
24704
24704
24704
24704
24704
24704
24704
24704
24704
24704
24704
24704
24704
24704
24704
24704
24704
24704
24704
24704
24704
24704
24704
24704
24704
24704
24704
24704
24704
24704
24704
24704
24704
24704
24704
24704
24704
24704
24704
24704
24704
24704
24704
24704
24704
24704
24704
24704
24704
24704
24704
24704
24704
24704
24704
24704
24704
24704
24704
24704
24704
24704
24704
24704
24704
24704
24704
24704
24704
24704
24704
24704
24704
24704
24704
24704
24704
24704
24704
24704
24704
24704
24704
24704
24704
24704
24704
24704
24704
24704
24704
24704
24704
24704
24704
24704
24704
24704
24704
24704
24704
24704
24704
24704
24704
24704
24704
24704
24704
24704
24704
24704
24704
24704
24704
24704
24704
24704
24704
24704
24704
24704
24704
24704
24704
24704
24704
24704
24704
24704
24704
24704
24704
24704
24704
24704
24704
24704
24704
24704
24704
24704
24704
24704
24704
24704
24704
24704
24704
24704
24704
24704
24704
24704
24704
24704
24704
24704
24704
24704
24704
24704
24704
24704
24704
24704
24704
24704
24704
24704
24704
24704
24704
24704
24704
24704
24704
24704
24704
24704
24704
24704
24704
24704
24704
24704
24704
24704
24704
24704
24704
24704
24704
24704
24704
24704
24704
24704
24704
24704
24704
24704
24704
24704
24704
24704
24704
24704
24704
24704
24704
24704
24704
24704
24704
24704
24704
24704
24704
24704
24704
24704
24704
24704
24704
24704
24704
24704
24704
24704
24704
24704
24704
24704
24704
24704
24704
24704
24704
24704
24704
24704
24704
24704
24704
24704
24704
24704
24704
24704
24704
24704
24704
24704
24704
24704
24704
24704
24704
24704
24704
24704
24704
24704
24704
24704
24704
24704
24704
24704
24704
24704
24704
24704
24704
24704
24704
24704
24704
24704
24704
24704
24704
24704
24704
24704
24704
24704
24704
24704
24704
24704
24704
24704
24704
24704
24704
24704
24704
24704
24704
24704
24704
24704
24704
24704
24704
24704
24704
24704
24704
24704
24704
24704
24704
24704
24704
24704
24704
24704
24704
24704
24704
24704
24704
24704
24704
24704
24704
24704
24704
24704
24704
24704
24704
24704
24704
24704
24704
24704
24704
24704
24704
24704
24704
24704
24704
24704
24704
24704
24704
24704
24704
24704
24704
24704
24704
24704
24704
24704
24704
24704
24704
24704
24704
24704
24704
24704
24704
24704
24704
24704
24704
24704
24704
24704
24704
24704
24704
24704
24704
24704
24704
24704
24704
24704
24704
24704
24704
24704
24704
24704
24704
24704
24704
24704
24704
24704
24704
24704
24704
24704
24704
24704
24704
24704
24704
24704
24704
24704
24704
24704
24704
24704
24704
24704
24704
24704
24704
24704
24704
24704
24704
24704
24704
24704
24704
24704
24704
24704
24704
24704
24704
24704
24704
24704
24704
24704
24704
24704
24704
24704
24704
24704
24704
24704
24704
24704
24704
24704
24704
24704
24704
24704
24704
24704
24704
24704
24704
24704
24704
24704
24704
24704
24704
24704
24704
24704
24704
24704
24704
24704
24704
24704
24704
24704
24704
24704
24704
24704
24704
24704
24704
24704
24704
24704
24704
24704
24704
24704
24704
24704
24704
24704
24704
24704
24704
24704
24704
24704
24704
24704
24704
24704
24704
24704
24704
24704
24704
24704
24704
24704
24704
24704
24704
24704
24704
24704
24704
24704
24704
24704
24704
24704
24704
24704
24704
24704
24704
24704
24704
24704
24704
24704
24704
24704
24704
24704
24704
24704
24704
24704
24704
24704
24704
24704
24704
24704
24704
24704
24704
24704
24704
24704
24704
24704
24704
24704
24704
24704
24704
24704
24704
24704
24704
24704
24704
24704
24704
24704
24704
24704
24704
24704
24704
24704
24704
24704
24704
24704
24704
24704
24704
24704
24704
24704
24704
24704
24704
24704
24704
24704
24704
24704
24704
24704
24704
24704
24704
24704
24704
24704
24704
24704
24704
24704
24704
24704
24704
24704
24704
24704
24704
24704
24704
24704
24704
24704
24704
24704
24704
24704
24704
24704
24704
24704
24704
24704
24704
24704
24704
24704
24704
24704
24704
24704
24704
24704
24704
24704
24704
24704
24704
24704
24704
24704
24704
24704
24704
24704
24704
24704
24704
24704
24704
24704
24704
24704
24704
24704
24704
24704
24704
24704
24704
24704
24704
24704
24704
24704
24704
24704
24704
24704
24704
24704
24704
24704
24704
24704
24704
24704
24704
24704
24704
24704
24704
24704
24704
24704
24704
24704
24704
24704
24704
24704
24704
24704
24704
24704
24704
24704
24704
24704
24704
24704
24704
24704
24704
24704
24704
24704
24704
24704
24704
24704
24704
24704
24704
24704
24704
24704
24704
24704
24704
24704
24704
24704
24704
24704
24704
24704
24704
24704
24704
24704
24704
24704
24704
24704
24704
24704
24704
24704
24704
24704
24704
24704
24704
24704
24704
24704
24704
24704
24704
24704
24704
24704
24704
24704
24704
24704
24704
24704
24704
24704
24704
24704
24704
24704
24704
24704
24704
24704
24704
24704
24704
24704
24704
24704
24704
24704
24704
24704
24704
24704
24704
24704
24704
24704
24704
24704
24704
24704
24704
24704
24704
24704
24704
24704
24704
24704
24704
24704
24704
24704
24704
24704
24704
24704
24704
24704
24704
24704
24704
24704
24704
24704
24704
24704
24704
24704
24704
24704
24704
24704
24704
24704
24704
24704
24704
24704
24704
24704
24704
24704
24704
24704
24704
24704
24704
24704
24704
24704
24704
24704
24704
24704
24704
24704
24704
24704
24704
24704
24704
24704
24704
24704
24704
24704
24704
24704
24704
24704
24704
24704
24704
24704
24704
24704
24704
24704
24704
24704
24704
24704
24704
24704
24704
24704
24704
24704
24704
24704
24704
24704
24704
24704
24704
24704
24704
24704
24704
24704
24704
24704
24704
24704
24704
24704
24704
24704
24704
24704
24704
24704
24704
24704
24704
24704
24704
24704
24704
24704
24704
24704
24704
24704
24704
24704
24704
24704
24704
24704
24704
24704
24704
24704
24704
24704
24704
24704
24704
24704
24704
24704
24704
24704
24704
24704
24704
24704
24704
24704
24704
24704
24704
24704
24704
24704
24704
24704
24704
24704
24704
24704
24704
24704
24704
24704
24704
24704
24704
24704
24704
24704
24704
24704
24704
24704
24704
24704
24704
24704
24704
24704
24704
24704
24704
24704
24704
24704
24704
24704
24704
24704
24704
24704
24704
24704
24704
24704
24704
24704
24704
24704
24704
24704
24704
24704
24704
24704
24704
24704
24704
24704
24704
24704
24704
24704
24704
24704
24704
24704
24704
24704
24704
24704
24704
24704
24704
24704
24704
24704
24704
24704
24704
24704
24704
24704
24704
24704
24704
24704
24704
24704
24704
24704
24704
24704
24704
24704
24704
24704
24704
24704
24704
24704
24704
24704
24704
24704
24704
24704
24704
24704
24704
24704
24704
24704
24704
24704
24704
24704
24704
24704
24704
24704
24704
24704
24704
24704
24704
24704
24704
24704
24704
24704
24704
24704
24704
24704
24704
24704
24704
24704
24704
24704
24704
24704
24704
24704
24704
24704
24704
24704
24704
24704
24704
24704
24704
24704
24704
24704
24704
24704
24704
24704
24704
24704
24704
24704
24704
24704
24704
24704
24704
24704
24704
24704
24704
24704
24704
24704
24704
24704
24704
24704
24704
24704
24704
24704
24704
24704
24704
24704
24704
24704
24704
24704
24704
24704
24704
24704
24704
24704
24704
24704
24704
24704
24704
24704
24704
24704
24704
24704
24704
24704
24704
24704
24704
24704
24704
24704
24704
24704
24704
24704
24704
24704
24704
24704
24704
24704
24704
24704
24704
24704
24704
24704
24704
24704
24704
24704
24704
24704
24704
24704
24704
24704
24704
24704
24704
24704
24704
24704
24704
24704
24704
24704
24704
24704
24704
24704
24704
24746
25031
25340
25421
25441
25580
25595
25799
25811
25830
25954
26155
26551
26678
26756
26908
27129
27506
27509
27800
2821
28593
28635
28754
28816
29055
29281
29326
29390
29557
2958
29658
30140
30357
30422
30459
30600
30715
30901
30907
30962
30978
31037
31153
31482
31539
31734
32876
32974
33077
33805
34053
34152
3462
34718
34882
35028
35178
35223
35423
35546
35599
35926
36119
36265
36483
36644
36754
37122
37163
3720
37379
37624
37626
37817
38088
38304
3847
38687
38806
38892
38895
38932
38949
39573
39783
39961
40219
40224
40338
40372
40396
40488
40716
41070
4120
41490
4179
4191
4198
41999
42612
42806
42926
42953
42980
43312
43318
43319
43454
43598
44764
44901
45108
45292
45391
45652
46003
46135
46215
46390
46550
46595
46846
46994
47132
47517
47649
4765
47722
47759
47943
48103
48329
48413
48737
48831
4884
48853
48976
4899
49165
49169
49169
49169
49169
49169
49169
49527
49695
49695
49904
49911
50012
50012
50202
5027
50312
5035
50395
50507
50565
50565
50907
50907
51016
51080
51080
51297
51439
51452
51728
51768
51848
52023
52090
52116
52116
52260
52260
52385
52505
52526
52637
52637
52760
53
53
53
53
53
53
53
53
53
53
53
53
53
53
53
53
53
53
53
53
53
53
53
53
53
53
53
53
53
53
53
53
53
53
53
53
53
53
53
53
53
53
53
53
53
53
53
53
53
53
53
53
53
53
53
53
53
53
53
53
53
53
53
53
53
53
53
53
53
53
53
53
53
53
53
53
53
53
53
53
53
53
53
53
53
53
53
53
53
53
53
53
53
53
53
53
53
53
53
53
53
53
53
53
53
53
53
53
53
53
53
53
53
53
53
53
53
53
53
53
53
53
53
53
53
53
53
53
53
53
53
53
53
53
53
53
53
53
53
53
53
53
53
53
53
53
53
53
53
53
53
53
53
53
53
53
53
53
53
53
53
53
53
53
53
53
53
53
53
53
53
53
53
53
53
53
53
53
53
53
53
53
53
53
53
53
53
53
53
53
53
53
53
53
53
53
53
53
53
53
53
53
53
53
53
53
53
53
53
53
53
53
53
53
53
53
53
53
53
53
53
53
53
53
53
53
53
53
53
53
53
53
53
53
53
53
53
53
53
53
53
53
53
53
53
53
53
53
53
53
53
53
53
53
53
53
53
53
53
53
53
53
53
53
53
53
53
53
53
53
53
53
53
53
53
53
53
53
53
53
53
53
53
53
53
53
53
53
53
53
53
53
53
53
53
53
53
53
53
53
53
53
53
53
53
53
53
53
53
53
53
53
53
53
53
53
53
53
53
53
53
53
53
53
53
53
53
53
53
53
53
53
53
53
53
53
53
53
53
53
53
53
53
53
53
53
53
53
53
53
53
53
53
53
53
53
53
53
53
53
53
53
53
53025
5305
5315
53243
53243
53458
53507
53519
5353
5353
5353
5353
5353
5353
5353
5353
5353
5353
5353
5353
5353
5353
5353
5353
5353
5353
5353
5353
5353
5353
5353
5353
5353
5353
5353
5353
5353
5353
5353
5353
5353
5353
5353
5353
5353
5353
5353
5353
5353
5353
5353
5353
5353
5353
5353
5353
5353
5353
5353
5353
5353
5353
5353
5353
5353
5353
5353
5353
5353
5353
5353
5353
5353
5353
5353
5353
53922
53956
53956
54069
54270
54298
54335
54335
54505
54505
54513
546
546
546
546
546
546
546
546
546
546
546
546
546
546
546
546
546
546
546
546
546
546
546
546
546
546
546
546
546
546
546
546
546
546
546
546
546
546
546
546
546
546
546
546
546
546
546
546
546
546
546
546
546
546
546
546
546
546
546
546
546
546
546
546
546
546
546
546
546
546
546
546
546
546
546
54641
54641
55082
5515
55279
55279
55421
55421
55421
55421
55421
55421
55701
55701
55767
55860
55876
56034
56088
5630
56301
56320
56347
56377
56377
56437
56594
57191
57510
57586
57592
57636
57636
57714
57714
5786
57978
58025
58092
58433
58492
58587
58719
58781
59003
5910
59150
59150
59229
59460
59540
59546
59601
59601
59704
59791
59814
59820
59960
60033
60069
60071
60071
60225
60225
60483
60483
60493
60527
60669
60718
60754
60777
61153
61153
61153
61332
61376
61391
61469
61486
61530
61530
61558
61652
61754
6185
61872
61872
62134
62230
62743
62866
62866
62869
62903
62903
63230
63249
63423
63423
63423
63423
63423
63423
63676
63676
63806
63878
63892
63985
64131
64147
64164
64282
6436
64440
64451
64693
64694
64784
6525
65259
65302
65403
6621
6779
7000
7021
7077
7097
7338
7414
7490
7502
7701
7906
7990
8133
8196
8365
8412
8712
8786
9438
9545
9800
9920
