Size	 Time	 Avg.	 Max.	 Min.	 
1	1.114000e-03	1.000000e+00	1	1	

6	2.705000e-03	1.170000e+01	16	9	

11	2.090000e-04	3.230000e+01	39	21	

16	3.380000e-04	5.570000e+01	94	30	

21	5.050000e-04	1.070000e+02	192	41	

26	5.860000e-04	1.372000e+02	236	55	

31	9.010000e-04	2.493000e+02	466	109	

36	1.197000e-03	2.675000e+02	631	100	

41	5.039000e-03	3.483000e+02	744	157	

46	1.479000e-03	5.269000e+02	949	164	

51	1.833000e-03	5.851000e+02	1132	269	

56	1.724000e-03	5.813000e+02	1434	202	

61	2.639000e-03	8.848000e+02	1772	305	

66	3.054000e-03	1.027800e+03	2019	292	

71	2.989000e-03	1.122700e+03	1901	341	

76	3.113000e-03	1.352900e+03	2777	194	

81	3.098000e-03	1.555400e+03	2427	701	

86	3.526000e-03	1.378600e+03	3169	302	

91	3.501000e-03	1.578200e+03	2941	426	

96	4.182000e-03	2.180600e+03	4282	339	

101	4.196000e-03	2.349200e+03	4661	898	

106	4.647000e-03	1.811700e+03	4571	266	

111	5.528000e-03	3.223200e+03	5364	1417	

116	6.093000e-03	3.765900e+03	6444	854	

121	6.177000e-03	3.215100e+03	6226	311	

126	5.849000e-03	4.085300e+03	7629	724	

131	6.616000e-03	3.848200e+03	7271	580	

136	8.365000e-03	6.050800e+03	8914	1764	

141	7.314000e-03	4.009800e+03	7644	1208	

146	6.903000e-03	3.955400e+03	5441	1540	

151	8.035000e-03	4.058600e+03	9742	1508	

156	5.670000e-03	2.688000e+03	7659	750	

161	1.116400e-02	5.705700e+03	10746	1166	

166	9.110000e-03	4.877100e+03	9346	989	

171	9.799000e-03	5.688800e+03	12418	1253	

176	9.127000e-03	3.934000e+03	9961	640	

181	1.245400e-02	7.676800e+03	14546	2996	

186	1.002700e-02	6.394900e+03	16117	1799	

191	1.280400e-02	8.585200e+03	16122	3231	

196	1.092800e-02	6.299600e+03	18917	952	

201	1.123600e-02	6.776400e+03	17037	1595	

206	1.484300e-02	1.250290e+04	19709	3565	

211	1.653000e-02	9.605900e+03	19714	760	

216	1.467200e-02	1.195350e+04	22582	791	

221	1.368700e-02	7.147700e+03	14614	2723	

226	1.886000e-02	1.297660e+04	25426	3426	

231	1.242100e-02	8.558900e+03	15109	1167	

236	1.528000e-02	1.149080e+04	26801	1024	

241	1.912700e-02	1.530060e+04	28921	4686	

246	1.731500e-02	1.386880e+04	27046	3341	

251	2.634300e-02	1.706780e+04	28692	5601	

256	1.749900e-02	1.414920e+04	27052	6751	

261	1.887600e-02	1.182370e+04	25686	3252	

266	1.762700e-02	1.221220e+04	27082	1368	

271	1.903700e-02	1.545740e+04	28951	1267	

276	2.129100e-02	1.810420e+04	37677	945	

281	1.892800e-02	1.011220e+04	18236	2786	

286	2.259600e-02	1.770460e+04	38789	949	

291	2.807100e-02	2.378400e+04	35536	5659	

296	2.127200e-02	1.743280e+04	30699	3573	

301	1.991500e-02	1.260710e+04	35812	1954	

306	2.722500e-02	2.226710e+04	44857	2614	

311	2.090800e-02	1.792390e+04	36089	9004	

316	2.225800e-02	1.221390e+04	36094	3773	

321	2.650200e-02	2.184700e+04	38271	3591	

326	2.720800e-02	1.927880e+04	30271	3466	

331	3.715000e-02	2.964490e+04	53959	3737	

336	3.155400e-02	2.603480e+04	52017	7206	

341	2.409400e-02	1.883360e+04	52991	4688	

346	2.806000e-02	2.609280e+04	53974	10318	

351	3.502000e-02	2.859240e+04	54307	6424	

356	2.932100e-02	2.387510e+04	46412	7853	

361	3.864400e-02	2.747420e+04	59701	1534	

366	3.005300e-02	2.244740e+04	57657	5091	

371	3.322200e-02	2.734690e+04	60402	3339	

376	3.025900e-02	2.787940e+04	60760	7598	

381	2.833200e-02	2.504950e+04	65361	2684	

386	2.914600e-02	2.527520e+04	73922	1537	

391	3.084700e-02	2.263980e+04	75857	1816	

396	3.498900e-02	2.386780e+04	73167	6758	

401	3.623300e-02	3.101540e+04	68297	1761	

406	3.230300e-02	2.918630e+04	77827	3049	

411	3.298000e-02	3.191580e+04	54039	2736	

416	4.222700e-02	3.416160e+04	81419	6237	

421	4.157700e-02	4.297130e+04	60800	6892	

426	3.695300e-02	3.396170e+04	88836	3180	

431	3.804700e-02	3.243150e+04	75122	4689	

436	3.971800e-02	4.535370e+04	88846	1641	

441	3.388900e-02	2.671820e+04	48336	11037	

446	3.730500e-02	2.994680e+04	68711	2844	

451	7.020000e-02	4.835650e+04	77479	5172	

456	4.420700e-02	4.969890e+04	103741	17551	

461	5.173500e-02	5.538410e+04	100596	2741	

466	5.636900e-02	4.693700e+04	105119	5246	

471	4.404300e-02	4.271620e+04	88042	9064	

476	4.575900e-02	4.599540e+04	90576	3130	

481	5.542400e-02	4.638520e+04	92716	3245	

486	4.881500e-02	5.112700e+04	108831	4885	

491	4.222700e-02	3.687750e+04	104687	5934	

496	5.325800e-02	5.466750e+04	114977	5657	

501	5.081800e-02	5.912950e+04	112134	18638	

506	4.079200e-02	3.774230e+04	76361	11809	

511	4.472700e-02	4.290030e+04	86871	2342	

516	6.437400e-02	6.975590e+04	99306	36294	

521	5.091000e-02	4.272130e+04	120816	8765	

526	4.494300e-02	4.512140e+04	100207	5396	

531	6.344100e-02	6.717850e+04	117901	42726	

536	6.841900e-02	7.463310e+04	125286	8807	

541	6.760300e-02	7.357700e+04	141256	29144	

546	5.240000e-02	5.386120e+04	130341	10570	

551	4.867500e-02	4.583260e+04	86456	13403	

556	6.511300e-02	6.142280e+04	138106	13401	

561	6.053500e-02	6.207440e+04	128849	4969	

566	7.030400e-02	7.414280e+04	150444	11522	

571	7.154100e-02	7.743120e+04	158212	12483	

576	5.924200e-02	5.806040e+04	123336	1644	

581	8.552500e-02	7.951210e+04	114584	7255	

586	5.243900e-02	4.998880e+04	97606	6165	

591	7.092400e-02	8.593040e+04	125841	45741	

596	5.675300e-02	5.904440e+04	127856	10102	

601	7.303300e-02	6.392110e+04	165626	25761	

606	1.018660e-01	9.045820e+04	174373	21330	

611	7.265000e-02	7.076130e+04	174956	6590	

616	6.753800e-02	8.176770e+04	185144	2485	

621	6.715700e-02	5.620370e+04	129399	15081	

626	7.193300e-02	7.688080e+04	131442	3825	

631	1.044830e-01	8.136590e+04	179134	10362	

636	7.800400e-02	7.472920e+04	173214	6550	

641	8.602600e-02	1.018675e+05	186386	13292	

646	5.526200e-02	4.338520e+04	82456	16370	

651	7.448000e-02	7.526760e+04	203854	2150	

656	8.295600e-02	9.881530e+04	196281	12007	

661	7.371100e-02	9.084370e+04	173827	28345	

666	9.789400e-02	1.051945e+05	210294	10901	

671	1.055050e-01	1.063299e+05	219462	37491	

676	9.399700e-02	8.392860e+04	140861	19135	

681	8.196600e-02	9.984220e+04	207727	21465	

686	7.515300e-02	7.151890e+04	151661	3133	

691	9.177300e-02	8.884110e+04	212266	5479	

696	9.385100e-02	9.332350e+04	233599	4742	

701	7.418300e-02	8.800480e+04	230204	7990	

706	7.746000e-02	7.397290e+04	186451	14242	

711	9.252300e-02	1.008467e+05	217522	3072	

716	9.687300e-02	1.082321e+05	251702	2707	

721	8.341400e-02	8.956840e+04	177436	6661	

726	8.919200e-02	1.069754e+05	238431	17497	

731	8.654700e-02	9.183500e+04	196982	11679	

736	9.774900e-02	7.018440e+04	176264	18891	

741	1.100190e-01	1.164079e+05	261022	17510	

746	7.796900e-02	9.121980e+04	261027	12062	

751	8.826400e-02	1.047160e+05	206512	11740	

756	1.169650e-01	1.345873e+05	258159	22824	

761	1.196340e-01	1.205969e+05	248921	16472	

766	1.114850e-01	1.437183e+05	268312	4339	

771	1.139680e-01	9.794150e+04	217582	24296	

776	1.020690e-01	1.187315e+05	211701	50482	

781	1.310180e-01	1.261959e+05	275692	15768	

786	1.270840e-01	1.329436e+05	254614	9818	

791	1.404500e-01	1.445655e+05	265419	29399	

796	1.392140e-01	1.320357e+05	272749	31178	

801	1.218330e-01	1.251041e+05	290742	9282	

806	9.980100e-02	1.070645e+05	296871	7201	

811	1.269270e-01	1.293092e+05	264712	19179	

816	1.458240e-01	1.742230e+05	309321	29523	

821	1.149690e-01	1.446320e+05	314057	19747	

826	1.242980e-01	1.254840e+05	275737	25889	

831	1.136020e-01	1.298850e+05	289313	34706	

836	1.493610e-01	1.589526e+05	293831	71450	

841	1.200560e-01	1.349295e+05	290021	23487	

846	1.164600e-01	1.211317e+05	275016	33542	

851	1.444280e-01	1.431878e+05	339927	28654	

856	1.529440e-01	1.427809e+05	331747	29078	

861	1.219190e-01	1.560140e+05	359989	3967	

866	1.703740e-01	1.973559e+05	366806	11996	

871	1.334920e-01	1.428360e+05	378017	26040	

876	1.653210e-01	2.073006e+05	344911	19274	

881	1.360580e-01	1.445294e+05	355784	13384	

886	1.593320e-01	1.625429e+05	278026	26930	

891	1.558190e-01	1.695316e+05	373707	4660	

896	1.173890e-01	1.627905e+05	275867	49855	

901	1.216610e-01	1.766979e+05	270646	31845	

906	1.452530e-01	1.896045e+05	389427	54205	

911	1.740250e-01	2.088256e+05	380667	12768	

916	1.237410e-01	1.184979e+05	223694	6702	

921	1.518150e-01	1.928472e+05	386802	28358	

926	1.212110e-01	1.693260e+05	322929	36121	

931	1.563200e-01	1.689769e+05	431059	29230	

936	1.612530e-01	2.180019e+05	414531	68988	

941	1.872490e-01	2.364195e+05	398327	96242	

946	1.205390e-01	1.107332e+05	326185	16575	

951	1.517780e-01	1.715174e+05	264852	64782	

956	1.919310e-01	2.396434e+05	371186	111027	

961	1.516090e-01	2.159929e+05	440414	51699	

966	1.315510e-01	1.403878e+05	378138	3954	

971	1.671240e-01	2.322080e+05	457461	40619	

976	1.474290e-01	1.876808e+05	423716	4866	

981	1.136000e-01	1.065935e+05	192252	25854	

986	1.276000e-01	1.535963e+05	469014	41721	

991	1.489560e-01	1.744668e+05	420977	18501	

996	1.669690e-01	1.952900e+05	362671	27320	
