Size	 Time	 Avg.	 Max.	 Min.	 
1	8.550000e-04	0.000000e+00	0	0	

6	6.970000e-04	1.300000e+01	15	5	

11	3.000000e-05	4.340000e+01	55	10	

16	7.100000e-05	9.640000e+01	120	15	

21	1.500000e-04	1.656000e+02	210	20	

26	1.250000e-04	2.606000e+02	325	25	

31	1.830000e-04	3.732000e+02	465	30	

36	2.320000e-04	4.960000e+02	630	35	

41	3.000000e-04	6.512000e+02	820	40	

46	3.930000e-04	8.208000e+02	1035	45	

51	4.660000e-04	1.008200e+03	1275	50	

56	5.530000e-04	1.217200e+03	1540	55	

61	4.409000e-03	1.458600e+03	1830	60	

66	8.380000e-04	1.671600e+03	2145	65	

71	9.750000e-04	1.983800e+03	2485	70	

76	1.140000e-03	2.262800e+03	2850	75	

81	1.262000e-03	2.585600e+03	3240	80	

86	1.605000e-03	2.913400e+03	3655	85	

91	1.791000e-03	3.227800e+03	4095	90	

96	1.901000e-03	3.630400e+03	4560	95	

101	2.059000e-03	4.006800e+03	5050	100	

106	2.229000e-03	4.464000e+03	5565	105	

111	2.426000e-03	4.873400e+03	6105	110	

116	2.632000e-03	5.282200e+03	6670	115	

121	2.774000e-03	5.746600e+03	7260	120	

126	3.251000e-03	6.267800e+03	7875	125	

131	3.323000e-03	6.723200e+03	8515	130	

136	3.469000e-03	7.300200e+03	9180	135	

141	4.010000e-03	7.868600e+03	9870	140	

146	4.211000e-03	8.423800e+03	10585	145	

151	4.049000e-03	8.913000e+03	11325	150	

156	4.288000e-03	9.636600e+03	12090	155	

161	4.618000e-03	1.029860e+04	12880	160	

166	4.874000e-03	1.087980e+04	13695	165	

171	4.934000e-03	1.154440e+04	14535	170	

176	5.439000e-03	1.232000e+04	15400	175	

181	6.007000e-03	1.291780e+04	16290	180	

186	6.375000e-03	1.376360e+04	17205	185	

191	6.805000e-03	1.454920e+04	18145	190	

196	9.548000e-03	1.525520e+04	19110	195	

201	7.811000e-03	1.604320e+04	20100	200	

206	8.324000e-03	1.685760e+04	21115	205	

211	8.368000e-03	1.770620e+04	22155	210	

216	8.474000e-03	1.846240e+04	23220	215	

221	9.122000e-03	1.943680e+04	24310	220	

226	9.273000e-03	2.034380e+04	25425	225	

231	9.937000e-03	2.118680e+04	26565	230	

236	1.072600e-02	2.213080e+04	27730	235	

241	1.082900e-02	2.295660e+04	28920	240	

246	1.166300e-02	2.396060e+04	30135	245	

251	1.436000e-02	2.505340e+04	31375	250	

256	1.166000e-02	2.603620e+04	32640	255	

261	1.257700e-02	2.717860e+04	33930	260	

266	1.304200e-02	2.799060e+04	35245	265	

271	1.367500e-02	2.931560e+04	36585	270	

276	1.367400e-02	3.020660e+04	37950	275	

281	1.412400e-02	3.127780e+04	39340	280	

286	1.764900e-02	3.257220e+04	40755	285	

291	1.652100e-02	3.363520e+04	42195	290	

296	1.617600e-02	3.479940e+04	43660	295	

301	1.640400e-02	3.610140e+04	45150	300	

306	1.630900e-02	3.727820e+04	46665	305	

311	1.735200e-02	3.845180e+04	48205	310	

316	1.866900e-02	3.975780e+04	49770	315	

321	2.201800e-02	4.071720e+04	51360	320	

326	2.058200e-02	4.235820e+04	52975	325	

331	2.108200e-02	4.362760e+04	54615	330	

336	2.266700e-02	4.499220e+04	56280	335	

341	2.192300e-02	4.624880e+04	57970	340	

346	2.458200e-02	4.774240e+04	59685	345	

351	2.258800e-02	4.890500e+04	61425	350	

356	2.362800e-02	5.028020e+04	63190	355	

361	2.397300e-02	5.182860e+04	64980	360	

366	2.434100e-02	5.347000e+04	66795	365	

371	2.783000e-02	5.494940e+04	68635	370	

376	2.582600e-02	5.627460e+04	70500	375	

381	2.754900e-02	5.787620e+04	72390	380	

386	2.742700e-02	5.935080e+04	74305	385	

391	2.988700e-02	6.082940e+04	76245	390	

396	2.979600e-02	6.244160e+04	78210	395	

401	3.080900e-02	6.389720e+04	80200	400	

406	3.222300e-02	6.571400e+04	82215	405	

411	3.429900e-02	6.720440e+04	84255	410	

416	3.217700e-02	6.878700e+04	86320	415	

421	3.337500e-02	7.035080e+04	88410	420	

426	3.509300e-02	7.243060e+04	90525	425	

431	3.561500e-02	7.389860e+04	92665	430	

436	3.579100e-02	7.573260e+04	94830	435	

441	3.659000e-02	7.714120e+04	97020	440	

446	3.750900e-02	7.928860e+04	99235	445	

451	3.870800e-02	8.095220e+04	101475	450	

456	3.800100e-02	8.263860e+04	103740	455	

461	4.268900e-02	8.476040e+04	106030	460	

466	4.374800e-02	8.650260e+04	108345	465	

471	4.131400e-02	8.851320e+04	110685	470	

476	4.390800e-02	9.047020e+04	113050	475	

481	4.219800e-02	9.227280e+04	115440	480	

486	4.687900e-02	9.401080e+04	117855	485	

491	4.464200e-02	9.594140e+04	120295	490	

496	4.755400e-02	9.811860e+04	122760	495	

501	4.879900e-02	9.998560e+04	125250	500	

506	4.717300e-02	1.021592e+05	127765	505	

511	4.885400e-02	1.042460e+05	130305	510	

516	4.949600e-02	1.063618e+05	132870	515	

521	4.950300e-02	1.080444e+05	135460	520	

526	5.343700e-02	1.099972e+05	138075	525	

531	5.578900e-02	1.124910e+05	140715	530	

536	5.387200e-02	1.144426e+05	143380	535	

541	5.522700e-02	1.166454e+05	146070	540	

546	5.886600e-02	1.189448e+05	148785	545	

551	5.661800e-02	1.210874e+05	151525	550	

556	5.784100e-02	1.234722e+05	154290	555	

561	6.229300e-02	1.255876e+05	157080	560	

566	5.994700e-02	1.278580e+05	159895	565	

571	6.176700e-02	1.300468e+05	162735	570	

576	6.402800e-02	1.325746e+05	165600	575	

581	6.196800e-02	1.347568e+05	168490	580	

586	6.932100e-02	1.368792e+05	171405	585	

591	6.513300e-02	1.392266e+05	174345	590	

596	6.793600e-02	1.417556e+05	177310	595	

601	6.755000e-02	1.441658e+05	180300	600	

606	7.000100e-02	1.463960e+05	183315	605	

611	7.272900e-02	1.490030e+05	186355	610	

616	7.297300e-02	1.512028e+05	189420	615	

621	7.128900e-02	1.538050e+05	192510	620	

626	7.803700e-02	1.564108e+05	195625	625	

631	7.561700e-02	1.589866e+05	198765	630	

636	7.550400e-02	1.615510e+05	201930	635	

641	8.105200e-02	1.638814e+05	205120	640	

646	7.801600e-02	1.663632e+05	208335	645	

651	8.424300e-02	1.690334e+05	211575	650	

656	8.091900e-02	1.712480e+05	214840	655	

661	8.205200e-02	1.741016e+05	218130	660	

666	8.654200e-02	1.771696e+05	221445	665	

671	8.550800e-02	1.796986e+05	224785	670	

676	8.754500e-02	1.823386e+05	228150	675	

681	8.867400e-02	1.849336e+05	231540	680	

686	9.139300e-02	1.871624e+05	234955	685	

691	8.841300e-02	1.905538e+05	238395	690	

696	8.992100e-02	1.934296e+05	241860	695	

701	9.565400e-02	1.960062e+05	245350	700	

706	9.401300e-02	1.990128e+05	248865	705	

711	9.805900e-02	2.020086e+05	252405	710	

716	9.540600e-02	2.046734e+05	255970	715	

721	9.997800e-02	2.076760e+05	259560	720	

726	9.965400e-02	2.101984e+05	263175	725	

731	1.034460e-01	2.133260e+05	266815	730	

736	1.015980e-01	2.160388e+05	270480	735	

741	1.030360e-01	2.193450e+05	274170	740	

746	1.087860e-01	2.222408e+05	277885	745	

751	1.079250e-01	2.250580e+05	281625	750	

756	1.115230e-01	2.281664e+05	285390	755	

761	1.110000e-01	2.307872e+05	289180	760	

766	1.111810e-01	2.341906e+05	292995	765	

771	1.140580e-01	2.373822e+05	296835	770	

776	1.160890e-01	2.404732e+05	300700	775	

781	1.153690e-01	2.434426e+05	304590	780	

786	1.207290e-01	2.465048e+05	308505	785	

791	1.197640e-01	2.497676e+05	312445	790	

796	1.228070e-01	2.531096e+05	316410	795	

801	1.173530e-01	2.556860e+05	320400	800	

806	1.255350e-01	2.593520e+05	324415	805	

811	1.253770e-01	2.622106e+05	328455	810	

816	1.289170e-01	2.657486e+05	332520	815	

821	1.319370e-01	2.690086e+05	336610	820	

826	1.318430e-01	2.725378e+05	340725	825	

831	1.315410e-01	2.753800e+05	344865	830	

836	1.328400e-01	2.790728e+05	349030	835	

841	1.356610e-01	2.824000e+05	353220	840	

846	1.335600e-01	2.856940e+05	357435	845	

851	1.401860e-01	2.891628e+05	361675	850	

856	1.382740e-01	2.924788e+05	365940	855	

861	1.417490e-01	2.959798e+05	370230	860	

866	1.462190e-01	2.994278e+05	374545	865	

871	1.421190e-01	3.020902e+05	378885	870	

876	1.472820e-01	3.065042e+05	383250	875	

881	1.496530e-01	3.099086e+05	387640	880	

886	1.554160e-01	3.133918e+05	392055	885	

891	1.504220e-01	3.171194e+05	396495	890	

896	1.563220e-01	3.205194e+05	400960	895	

901	1.563190e-01	3.244798e+05	405450	900	

906	1.535160e-01	3.276036e+05	409965	905	

911	1.551170e-01	3.312092e+05	414505	910	

916	1.591500e-01	3.352512e+05	419070	915	

921	1.696220e-01	3.389578e+05	423660	920	

926	1.660110e-01	3.422968e+05	428275	925	

931	1.662590e-01	3.460144e+05	432915	930	

936	1.684200e-01	3.500134e+05	437580	935	

941	1.680280e-01	3.536276e+05	442270	940	

946	1.707180e-01	3.572470e+05	446985	945	

951	1.732970e-01	3.613182e+05	451725	950	

956	1.869080e-01	3.648008e+05	456490	955	

961	1.763870e-01	3.690692e+05	461280	960	

966	1.843200e-01	3.723758e+05	466095	965	

971	1.817920e-01	3.765956e+05	470935	970	

976	1.809060e-01	3.805632e+05	475800	975	

981	1.910780e-01	3.843532e+05	480690	980	

986	1.882560e-01	3.883286e+05	485605	985	

991	1.897780e-01	3.915738e+05	490545	990	

996	1.853680e-01	3.959614e+05	495510	995	
