Size	 Time	 Avg.	 Max.	 Min.	 
1	4.900000e-05	0.000000e+00	0	0	

6	6.900000e-05	2.250000e+01	30	15	

11	1.140000e-04	8.350000e+01	110	50	

16	1.810000e-04	1.845000e+02	225	105	

21	2.780000e-04	3.320000e+02	420	200	

26	4.310000e-04	5.300000e+02	650	425	

31	5.490000e-04	7.905000e+02	900	630	

36	7.000000e-04	1.076250e+03	1225	875	

41	5.520000e-04	1.354000e+03	1600	1000	

46	3.350000e-04	1.716750e+03	2070	1485	

51	3.930000e-04	2.120000e+03	2450	1650	

56	4.670000e-04	2.648250e+03	3025	2255	

61	5.730000e-04	3.270000e+03	3600	2820	

66	6.200000e-04	3.656250e+03	4225	3055	

71	6.990000e-04	4.203500e+03	4760	3570	

76	8.160000e-04	4.950000e+03	5700	3750	

81	9.420000e-04	5.948000e+03	6480	5360	

86	1.115000e-03	6.345250e+03	7055	5610	

91	1.455000e-03	7.312500e+03	8010	6390	

96	1.306000e-03	8.284000e+03	8930	7505	

101	1.431000e-03	8.870000e+03	9900	8000	

106	1.571000e-03	1.033725e+04	10920	9555	

111	1.910000e-03	1.090650e+04	12210	9240	

116	1.844000e-03	1.195425e+04	13110	10695	

121	1.956000e-03	1.285200e+04	14280	10560	

126	2.116000e-03	1.439375e+04	15625	13125	

131	2.255000e-03	1.555450e+04	16510	14040	

136	2.452000e-03	1.669275e+04	18090	14985	

141	2.537000e-03	1.824200e+04	19460	16100	

146	2.918000e-03	1.933575e+04	21025	17110	

151	3.111000e-03	2.038500e+04	22350	18000	

156	3.179000e-03	2.205650e+04	23870	20150	

161	3.234000e-03	2.348000e+04	24800	22080	

166	3.434000e-03	2.545950e+04	26895	22440	

171	3.562000e-03	2.567000e+04	28390	23290	

176	3.848000e-03	2.816625e+04	30100	26075	

181	4.033000e-03	2.956500e+04	32400	27360	

186	4.193000e-03	3.158875e+04	33855	28860	

191	4.517000e-03	3.393400e+04	35530	31160	

196	4.626000e-03	3.506100e+04	37440	32565	

201	4.844000e-03	3.682000e+04	39200	33000	

206	5.032000e-03	3.848875e+04	42230	34440	

211	5.128000e-03	4.030950e+04	44310	36960	

216	5.038000e-03	4.287100e+04	46440	38700	

221	5.123000e-03	4.447300e+04	47520	41360	

226	5.339000e-03	4.730625e+04	50625	44100	

231	5.325000e-03	4.904750e+04	51520	44850	

236	5.515000e-03	5.184100e+04	54285	49115	

241	5.507000e-03	5.322000e+04	56640	50400	

246	5.722000e-03	5.557825e+04	60270	52185	

251	5.953000e-03	5.700000e+04	62000	51250	

256	6.113000e-03	6.086850e+04	64515	52785	

261	6.368000e-03	6.202300e+04	67860	55380	

266	6.893000e-03	6.553450e+04	69165	60685	

271	6.857000e-03	6.687900e+04	71010	58860	

276	7.133000e-03	7.075750e+04	75350	64900	

281	7.612000e-03	7.396200e+04	77840	67200	

286	7.687000e-03	7.689300e+04	79800	70680	

291	8.130000e-03	7.832900e+04	83520	73660	

296	8.370000e-03	8.118400e+04	87025	75520	

301	8.481000e-03	8.428500e+04	89700	78000	

306	8.688000e-03	8.587275e+04	91195	79300	

311	9.336000e-03	8.979150e+04	95790	84010	

316	9.329000e-03	9.220050e+04	95760	85995	

321	9.583000e-03	9.584000e+04	101760	88320	

326	9.931000e-03	9.935250e+04	104975	93600	

331	1.030600e-02	1.036365e+05	107580	95700	

336	1.037400e-02	1.047545e+05	111555	100165	

341	1.095400e-02	1.097860e+05	114920	105400	

346	1.110800e-02	1.109692e+05	117990	103500	

351	1.157300e-02	1.172850e+05	121100	110600	

356	1.184700e-02	1.201142e+05	125315	111825	

361	1.229000e-02	1.221840e+05	129960	115200	

366	1.249300e-02	1.253775e+05	130670	111690	

371	1.277900e-02	1.296295e+05	136530	121360	

376	1.323300e-02	1.324688e+05	140250	124500	

381	1.368200e-02	1.357930e+05	143260	126160	

386	1.393500e-02	1.390428e+05	146685	127435	

391	1.402400e-02	1.420965e+05	150540	129090	

396	1.477500e-02	1.473350e+05	153655	137460	

401	1.488800e-02	1.504200e+05	156800	142000	

406	1.513900e-02	1.535962e+05	163620	138510	

411	1.550600e-02	1.580755e+05	166870	148830	

416	1.589300e-02	1.614142e+05	171395	153550	

421	1.663500e-02	1.685460e+05	175560	161280	

426	1.685700e-02	1.723162e+05	180625	162775	

431	1.721100e-02	1.750100e+05	181890	167270	

436	1.746100e-02	1.788938e+05	188790	168780	

441	1.859500e-02	1.839640e+05	194040	169840	

446	1.868500e-02	1.877455e+05	194910	173995	

451	1.881100e-02	1.887075e+05	198450	180900	

456	1.959700e-02	1.978795e+05	206115	190190	

461	1.993400e-02	1.985820e+05	210680	189520	

466	2.056200e-02	2.059020e+05	215760	189720	

471	2.097300e-02	2.091265e+05	219960	196460	

476	2.098100e-02	2.133938e+05	225150	204250	

481	2.149000e-02	2.188560e+05	228480	206880	

486	2.258500e-02	2.233668e+05	233770	202245	

491	2.289700e-02	2.271395e+05	237650	212170	

496	2.313400e-02	2.329222e+05	243045	220275	

501	2.440300e-02	2.383250e+05	247500	220500	

506	2.411400e-02	2.416425e+05	254520	224725	

511	2.449600e-02	2.469420e+05	258060	228480	

516	2.509500e-02	2.525560e+05	263165	236385	

521	2.566700e-02	2.581280e+05	268320	243880	

526	2.608900e-02	2.626050e+05	273525	253050	

531	2.726400e-02	2.660865e+05	279840	246980	

536	2.706900e-02	2.730105e+05	283550	257870	

541	2.771600e-02	2.766420e+05	291600	259740	

546	2.856500e-02	2.865338e+05	297025	262145	

551	2.860700e-02	2.855325e+05	303050	271150	

556	2.959400e-02	2.929845e+05	301920	276390	

561	2.968400e-02	2.992640e+05	310240	283360	

566	3.018600e-02	3.027552e+05	316965	275155	

571	3.102900e-02	3.063750e+05	323760	285570	

576	3.123600e-02	3.125412e+05	328325	296700	

581	3.210100e-02	3.207110e+05	334660	299280	

586	3.254600e-02	3.248798e+05	342810	293670	

591	3.300600e-02	3.258570e+05	343970	307390	

596	3.370000e-02	3.349552e+05	349265	317730	

601	3.400700e-02	3.399300e+05	353400	324000	

606	3.517700e-02	3.506580e+05	366025	328515	

611	3.554300e-02	3.565450e+05	367830	342210	

616	3.607000e-02	3.605130e+05	375765	327180	

621	3.655300e-02	3.656140e+05	380060	339760	

626	3.718300e-02	3.679375e+05	386250	336250	

631	3.807900e-02	3.796695e+05	395010	363510	

636	3.843500e-02	3.847465e+05	401955	354330	

641	3.912200e-02	3.880320e+05	401920	359040	

646	4.032100e-02	3.993518e+05	413445	375390	

651	4.043300e-02	4.048850e+05	417950	391950	

656	4.109700e-02	4.092440e+05	419855	397585	

661	4.193900e-02	4.172520e+05	432300	399960	

666	4.247900e-02	4.238710e+05	440895	393680	

671	4.363700e-02	4.294700e+05	441530	398650	

676	4.433600e-02	4.357800e+05	451575	412425	

681	4.412400e-02	4.385660e+05	458320	414800	

686	4.516500e-02	4.468598e+05	469910	421960	

691	4.544500e-02	4.538130e+05	474720	426420	

696	4.615300e-02	4.579702e+05	477465	428815	

701	4.703600e-02	4.654300e+05	486500	428400	

706	4.801300e-02	4.796115e+05	493500	464595	

711	4.870800e-02	4.824450e+05	499130	468600	

716	4.888800e-02	4.873082e+05	508365	466895	

721	4.988700e-02	4.948920e+05	517680	472320	

726	5.074700e-02	5.028600e+05	519100	465450	

731	5.139100e-02	5.093940e+05	527790	475960	

736	5.207700e-02	5.122215e+05	532875	476280	

741	5.294900e-02	5.238090e+05	541680	506900	

746	5.319400e-02	5.269385e+05	547575	505855	

751	5.400900e-02	5.401125e+05	555750	519000	

756	5.534500e-02	5.511500e+05	570025	526235	

761	5.664000e-02	5.548380e+05	570760	537320	

766	5.672400e-02	5.616630e+05	582165	540855	

771	5.651600e-02	5.638325e+05	578270	528220	

776	5.830300e-02	5.780338e+05	600625	544825	

781	5.846900e-02	5.846880e+05	607620	552240	

786	5.990800e-02	5.940488e+05	609945	567555	

791	6.049500e-02	5.962130e+05	612250	576700	

796	6.142300e-02	6.102420e+05	628050	579555	

801	6.201700e-02	6.163600e+05	632000	590400	

806	6.276600e-02	6.254448e+05	641585	599725	

811	6.300300e-02	6.241455e+05	648810	602640	

816	6.421200e-02	6.365558e+05	664225	602285	

821	6.519300e-02	6.486200e+05	667480	618280	

826	6.644300e-02	6.600412e+05	673200	631125	

831	6.706800e-02	6.659920e+05	680600	638270	

836	6.758200e-02	6.676660e+05	689710	635435	

841	6.848700e-02	6.746460e+05	703920	646800	

846	6.912200e-02	6.876610e+05	705575	662480	

851	7.131900e-02	6.923675e+05	721650	630700	

856	7.150300e-02	7.089232e+05	729315	684000	

861	7.123000e-02	7.076940e+05	737020	659620	

866	7.266000e-02	7.217992e+05	745630	702380	

871	7.419800e-02	7.284510e+05	757770	698610	

876	7.563100e-02	7.385438e+05	763000	714875	

881	7.464300e-02	7.380120e+05	772640	694320	

886	7.559100e-02	7.480020e+05	775260	715080	

891	7.650900e-02	7.604605e+05	787650	708440	

896	7.814200e-02	7.712662e+05	801025	729425	

901	7.882100e-02	7.795350e+05	804600	742500	

906	7.964000e-02	7.880288e+05	809070	755675	

911	7.990800e-02	7.884695e+05	818090	752570	

916	8.256800e-02	8.040105e+05	828990	777750	

921	8.453800e-02	8.159940e+05	839960	768200	

926	8.256600e-02	8.210300e+05	854700	752025	

931	8.449900e-02	8.315595e+05	850950	789570	

936	8.542100e-02	8.407052e+05	869550	806905	

941	8.615000e-02	8.551180e+05	875140	829080	

946	8.756000e-02	8.660452e+05	893970	835380	

951	8.812100e-02	8.669700e+05	896800	835050	

956	8.903300e-02	8.742070e+05	901520	841355	

961	8.977900e-02	8.852160e+05	911040	860160	

966	9.108200e-02	8.973535e+05	919645	871395	

971	9.162600e-02	9.099085e+05	940900	872030	

976	9.299200e-02	9.124050e+05	947700	885300	

981	9.405300e-02	9.206120e+05	959420	867300	

986	9.485700e-02	9.336815e+05	967270	887485	

991	9.508700e-02	9.361440e+05	968220	889020	

996	9.692200e-02	9.538070e+05	986045	924355	
