Size	 Time	 Avg.	 Max.	 Min.	 
1	8.370000e-04	0.000000e+00	0	0	

6	9.580000e-04	1.500000e+01	15	15	

11	5.300000e-05	5.500000e+01	55	55	

16	1.170000e-04	1.200000e+02	120	120	

21	4.130000e-04	2.100000e+02	210	210	

26	2.770000e-04	3.250000e+02	325	325	

31	4.000000e-04	4.650000e+02	465	465	

36	5.450000e-04	6.300000e+02	630	630	

41	7.180000e-04	8.200000e+02	820	820	

46	4.473000e-03	1.035000e+03	1035	1035	

51	1.063000e-03	1.275000e+03	1275	1275	

56	1.268000e-03	1.540000e+03	1540	1540	

61	1.611000e-03	1.830000e+03	1830	1830	

66	1.910000e-03	2.145000e+03	2145	2145	

71	2.165000e-03	2.485000e+03	2485	2485	

76	2.424000e-03	2.850000e+03	2850	2850	

81	2.771000e-03	3.240000e+03	3240	3240	

86	2.980000e-03	3.655000e+03	3655	3655	

91	3.441000e-03	4.095000e+03	4095	4095	

96	3.560000e-03	4.560000e+03	4560	4560	

101	3.928000e-03	5.050000e+03	5050	5050	

106	4.260000e-03	5.565000e+03	5565	5565	

111	4.508000e-03	6.105000e+03	6105	6105	

116	4.757000e-03	6.670000e+03	6670	6670	

121	4.982000e-03	7.260000e+03	7260	7260	

126	8.204000e-03	7.875000e+03	7875	7875	

131	6.686000e-03	8.515000e+03	8515	8515	

136	6.800000e-03	9.180000e+03	9180	9180	

141	7.157000e-03	9.870000e+03	9870	9870	

146	7.735000e-03	1.058500e+04	10585	10585	

151	1.066100e-02	1.132500e+04	11325	11325	

156	8.699000e-03	1.209000e+04	12090	12090	

161	8.828000e-03	1.288000e+04	12880	12880	

166	9.376000e-03	1.369500e+04	13695	13695	

171	9.841000e-03	1.453500e+04	14535	14535	

176	1.075700e-02	1.540000e+04	15400	15400	

181	1.084600e-02	1.629000e+04	16290	16290	

186	1.130100e-02	1.720500e+04	17205	17205	

191	1.417600e-02	1.814500e+04	18145	18145	

196	1.316800e-02	1.911000e+04	19110	19110	

201	1.336200e-02	2.010000e+04	20100	20100	

206	1.376400e-02	2.111500e+04	21115	21115	

211	1.452200e-02	2.215500e+04	22155	22155	

216	1.549600e-02	2.322000e+04	23220	23220	

221	1.960000e-02	2.431000e+04	24310	24310	

226	1.879400e-02	2.542500e+04	25425	25425	

231	1.875400e-02	2.656500e+04	26565	26565	

236	1.828800e-02	2.773000e+04	27730	27730	

241	1.904900e-02	2.892000e+04	28920	28920	

246	2.198000e-02	3.013500e+04	30135	30135	

251	2.094200e-02	3.137500e+04	31375	31375	

256	2.144100e-02	3.264000e+04	32640	32640	

261	2.219900e-02	3.393000e+04	33930	33930	

266	2.991800e-02	3.524500e+04	35245	35245	

271	2.757500e-02	3.658500e+04	36585	36585	

276	2.589200e-02	3.795000e+04	37950	37950	

281	2.571700e-02	3.934000e+04	39340	39340	

286	2.928000e-02	4.075500e+04	40755	40755	

291	2.768900e-02	4.219500e+04	42195	42195	

296	2.857900e-02	4.366000e+04	43660	43660	

301	3.200500e-02	4.515000e+04	45150	45150	

306	3.703800e-02	4.666500e+04	46665	46665	

311	3.588000e-02	4.820500e+04	48205	48205	

316	3.588500e-02	4.977000e+04	49770	49770	

321	3.639600e-02	5.136000e+04	51360	51360	

326	3.489000e-02	5.297500e+04	52975	52975	

331	3.616500e-02	5.461500e+04	54615	54615	

336	4.269500e-02	5.628000e+04	56280	56280	

341	3.829500e-02	5.797000e+04	57970	57970	

346	4.143100e-02	5.968500e+04	59685	59685	

351	4.057200e-02	6.142500e+04	61425	61425	

356	4.397500e-02	6.319000e+04	63190	63190	

361	4.675300e-02	6.498000e+04	64980	64980	

366	4.416800e-02	6.679500e+04	66795	66795	

371	4.977600e-02	6.863500e+04	68635	68635	

376	5.060200e-02	7.050000e+04	70500	70500	

381	5.112800e-02	7.239000e+04	72390	72390	

386	5.134100e-02	7.430500e+04	74305	74305	

391	5.029600e-02	7.624500e+04	76245	76245	

396	5.631000e-02	7.821000e+04	78210	78210	

401	6.009600e-02	8.020000e+04	80200	80200	

406	5.788000e-02	8.221500e+04	82215	82215	

411	5.861500e-02	8.425500e+04	84255	84255	

416	6.265500e-02	8.632000e+04	86320	86320	

421	7.325800e-02	8.841000e+04	88410	88410	

426	7.544000e-02	9.052500e+04	90525	90525	

431	7.239700e-02	9.266500e+04	92665	92665	

436	6.829100e-02	9.483000e+04	94830	94830	

441	7.158000e-02	9.702000e+04	97020	97020	

446	7.639500e-02	9.923500e+04	99235	99235	

451	7.526000e-02	1.014750e+05	101475	101475	

456	7.408800e-02	1.037400e+05	103740	103740	

461	9.148700e-02	1.060300e+05	106030	106030	

466	9.158900e-02	1.083450e+05	108345	108345	

471	8.658200e-02	1.106850e+05	110685	110685	

476	8.122600e-02	1.130500e+05	113050	113050	

481	9.514800e-02	1.154400e+05	115440	115440	

486	1.007050e-01	1.178550e+05	117855	117855	

491	1.081730e-01	1.202950e+05	120295	120295	

496	1.001420e-01	1.227600e+05	122760	122760	

501	1.082230e-01	1.252500e+05	125250	125250	

506	1.103590e-01	1.277650e+05	127765	127765	

511	1.134750e-01	1.303050e+05	130305	130305	

516	1.156440e-01	1.328700e+05	132870	132870	

521	1.194260e-01	1.354600e+05	135460	135460	

526	1.189070e-01	1.380750e+05	138075	138075	

531	1.254370e-01	1.407150e+05	140715	140715	

536	1.238360e-01	1.433800e+05	143380	143380	

541	1.277640e-01	1.460700e+05	146070	146070	

546	1.309680e-01	1.487850e+05	148785	148785	

551	1.263170e-01	1.515250e+05	151525	151525	

556	1.176940e-01	1.542900e+05	154290	154290	

561	1.118310e-01	1.570800e+05	157080	157080	

566	1.193650e-01	1.598950e+05	159895	159895	

571	1.195020e-01	1.627350e+05	162735	162735	

576	1.294200e-01	1.656000e+05	165600	165600	

581	1.314940e-01	1.684900e+05	168490	168490	

586	1.169710e-01	1.714050e+05	171405	171405	

591	1.186910e-01	1.743450e+05	174345	174345	

596	1.411610e-01	1.773100e+05	177310	177310	

601	1.485150e-01	1.803000e+05	180300	180300	

606	1.450420e-01	1.833150e+05	183315	183315	

611	1.470590e-01	1.863550e+05	186355	186355	

616	1.441230e-01	1.894200e+05	189420	189420	

621	1.613150e-01	1.925100e+05	192510	192510	

626	1.358180e-01	1.956250e+05	195625	195625	

631	1.346580e-01	1.987650e+05	198765	198765	

636	1.383930e-01	2.019300e+05	201930	201930	

641	1.370670e-01	2.051200e+05	205120	205120	

646	1.420890e-01	2.083350e+05	208335	208335	

651	1.482150e-01	2.115750e+05	211575	211575	

656	1.429390e-01	2.148400e+05	214840	214840	

661	1.532880e-01	2.181300e+05	218130	218130	

666	1.537500e-01	2.214450e+05	221445	221445	

671	1.614740e-01	2.247850e+05	224785	224785	

676	1.834720e-01	2.281500e+05	228150	228150	

681	1.667140e-01	2.315400e+05	231540	231540	

686	1.664690e-01	2.349550e+05	234955	234955	

691	1.728160e-01	2.383950e+05	238395	238395	

696	1.962340e-01	2.418600e+05	241860	241860	

701	2.027140e-01	2.453500e+05	245350	245350	

706	2.147550e-01	2.488650e+05	248865	248865	

711	2.083850e-01	2.524050e+05	252405	252405	

716	1.795170e-01	2.559700e+05	255970	255970	

721	1.786360e-01	2.595600e+05	259560	259560	

726	1.795550e-01	2.631750e+05	263175	263175	

731	1.828280e-01	2.668150e+05	266815	266815	

736	1.876660e-01	2.704800e+05	270480	270480	

741	1.949510e-01	2.741700e+05	274170	274170	

746	2.006140e-01	2.778850e+05	277885	277885	

751	2.080120e-01	2.816250e+05	281625	281625	

756	1.997560e-01	2.853900e+05	285390	285390	

761	2.051570e-01	2.891800e+05	289180	289180	

766	2.112520e-01	2.929950e+05	292995	292995	

771	2.061570e-01	2.968350e+05	296835	296835	

776	2.080580e-01	3.007000e+05	300700	300700	

781	2.074580e-01	3.045900e+05	304590	304590	

786	2.076560e-01	3.085050e+05	308505	308505	

791	2.169090e-01	3.124450e+05	312445	312445	

796	2.171560e-01	3.164100e+05	316410	316410	

801	2.146550e-01	3.204000e+05	320400	320400	

806	2.336570e-01	3.244150e+05	324415	324415	

811	2.283170e-01	3.284550e+05	328455	328455	

816	2.249280e-01	3.325200e+05	332520	332520	

821	2.280230e-01	3.366100e+05	336610	336610	

826	2.296590e-01	3.407250e+05	340725	340725	

831	2.299540e-01	3.448650e+05	344865	344865	

836	2.327350e-01	3.490300e+05	349030	349030	

841	2.356570e-01	3.532200e+05	353220	353220	

846	2.387940e-01	3.574350e+05	357435	357435	

851	2.398280e-01	3.616750e+05	361675	361675	

856	2.454170e-01	3.659400e+05	365940	365940	

861	2.461900e-01	3.702300e+05	370230	370230	

866	2.520830e-01	3.745450e+05	374545	374545	

871	2.571700e-01	3.788850e+05	378885	378885	

876	2.537930e-01	3.832500e+05	383250	383250	

881	2.610270e-01	3.876400e+05	387640	387640	

886	2.640040e-01	3.920550e+05	392055	392055	

891	2.679550e-01	3.964950e+05	396495	396495	

896	2.650310e-01	4.009600e+05	400960	400960	

901	2.721950e-01	4.054500e+05	405450	405450	

906	2.809450e-01	4.099650e+05	409965	409965	

911	2.804880e-01	4.145050e+05	414505	414505	

916	2.875560e-01	4.190700e+05	419070	419070	

921	2.940780e-01	4.236600e+05	423660	423660	

926	2.932770e-01	4.282750e+05	428275	428275	

931	2.944440e-01	4.329150e+05	432915	432915	

936	2.939650e-01	4.375800e+05	437580	437580	

941	2.973260e-01	4.422700e+05	442270	442270	

946	3.053350e-01	4.469850e+05	446985	446985	

951	3.008940e-01	4.517250e+05	451725	451725	

956	3.261200e-01	4.564900e+05	456490	456490	

961	3.214780e-01	4.612800e+05	461280	461280	

966	3.138660e-01	4.660950e+05	466095	466095	

971	3.124640e-01	4.709350e+05	470935	470935	

976	3.324360e-01	4.758000e+05	475800	475800	

981	3.219370e-01	4.806900e+05	480690	480690	

986	3.251930e-01	4.856050e+05	485605	485605	

991	3.293840e-01	4.905450e+05	490545	490545	

996	3.326210e-01	4.955100e+05	495510	495510	
